Caroline Islands  (2839,1042)
54 Sea Zone  (3518,988)  (3472,1033)  (3472,987)  (3563,1034)  (3518,942)  (3564,942)  (3564,988)  (3470,941)  (3517,1079)  (3471,1079)  (3426,1033)  (3426,987)  (3581,1080)  (3425,1080)  (3516,896)  (3424,941)  (3424,895)  (3470,895)
Iwo Jima  (2937,712)
15 Sea Zone  (1358,779)
27 Sea Zone  (1039,1631)  (993,1676)  (993,1630)  (1084,1677)  (1039,1585)  (1085,1595)  (991,1584)  (1038,1722)  (992,1722)  (947,1676)  (947,1630)  (1130,1692)  (1084,1723)  (946,1723)  (1037,1539)  (945,1584)  (945,1538)  (991,1538)  (1145,1738)  (1038,1768)  (992,1768)  (1099,1769)  (946,1769)  (1037,1493)  (935,1492)  (981,1492)  (1027,1447)  (935,1446)  (981,1446)
63 Sea Zone  (2911,285)  (2865,330)  (2865,284)  (2956,331)  (2935,239)  (2957,285)  (2981,209)  (2910,376)  (2864,376)  (2976,377)  (2818,377)  (3029,161)  (3094,28)
Afghanistan  (1775,676)
Urals  (1910,195)  (1912,103)  (1912,149)  (1820,158)  (1820,112)  (1866,149)  (1866,103)  (1864,204)  (1782,66)  (1774,124)  (1915,241)  (1869,250)  (1736,78)  (1847,296)
France  (892,484)  (945,483)  (882,537)  (901,434)  (939,536)  (848,422)
Evenki National Okrug  (2014,221)  (2014,175)  (2105,222)  (2060,130)  (2060,176)  (2106,130)  (2106,176)  (2012,129)  (2059,267)  (2013,267)  (1968,203)  (2058,84)  (2104,84)  (2150,84)  (2006,83)  (2196,52)  (2064,313)  (2018,313)  (2074,359)
41 Sea Zone  (3030,1728)  (2984,1773)  (2984,1727)  (3075,1774)  (3030,1682)  (3076,1682)  (3076,1728)  (2792,1783)
French Equatorial Africa  (1101,1136)  (1055,1181)  (1055,1135)  (1128,1182)  (1053,1089)  (1082,1227)  (1007,1124)
40 Sea Zone  (2636,1752)  (2590,1783)  (2682,1709)  (2682,1755)  (2544,1783)  (2506,1737)  (2498,1783)  (2495,1691)  (2460,1737)  (2452,1783)  (2449,1691)  (2414,1737)  (2406,1783)  (2403,1691)  (2368,1737)  (2360,1783)  (2357,1691)  (2322,1737)  (2314,1783)
Northwestern Europe  (954,364) (958,413) (1001,315)  (1050,304)  (1068,253)
4 Sea Zone  (1427,0)
18 Sea Zone  (527,895)  (481,940)  (481,894)  (572,941)  (527,849)  (573,849)  (573,895)  (480,848)  (526,986)  (574,987)  (526,803)  (480,802)  (574,1033)
65 Sea Zone  (3339,164)  (3293,209)  (3293,163)  (3384,210)  (3385,144)
46 Sea Zone  (3132,1152)  (3132,1198)  (3132,1244)  (3132,1323)  (3132,1369)  (3132,1415)  (3178,1151)  (3178,1197)  (3178,1243)  (3178,1360)  (3178,1406)  (3224,1151)  (3224,1254)  (3224,1362)  (3224,1408)  (3250,1300)  (3259,1197)  (3270,1151)  (3270,1379)  (3283,1243)  (3296,1289)  (3305,1197)
55 Sea Zone  (3646,787)  (3600,832)  (3600,786)  (3691,833)  (3598,740)  (3645,878)  (3554,830)  (3726,879)  (3552,784)  (3552,738)  (3625,694)  (3550,692)  (3680,924)  (3634,924)  (3726,925)  (3537,646)  (3680,970)  (3634,970)  (3726,971)  (3680,1016)  (3634,1016)  (3726,1017)  (3680,1062)  (3634,1062)  (3726,1063)
61 Sea Zone  (2333,932)  (2379,967)  (2425,967)  (2439,916)  (2442,851)  (2462,799)  (2471,962)  (2485,897)  (2488,845)  (2517,943)
Panama  (82,770)  (141,817)
26 Sea Zone  (791,1699)  (745,1744)  (745,1698)  (836,1745)  (791,1653)  (837,1653)  (837,1699)  (743,1652)  (699,1783)  (699,1737)  (882,1745)  (883,1632)  (883,1678)  (697,1691)  (697,1645)  (653,1783)  (653,1737)  (651,1691)  (651,1645)  (607,1783)  (607,1737)  (605,1691)  (605,1645)
7 Sea Zone  (818,347)  (788,393)  (864,341)  (792,439)  (825,485)
38 Sea Zone  (2153,1245)  (2153,1291)  (2153,1337)  (2153,1383)  (2153,1429)  (2199,1322)  (2199,1368)  (2199,1414)  (2245,1392)  (2245,1438)  (2270,1244)  (2291,1407)  (2307,1290)  (2331,1336)  (2337,1440)  (2377,1347)  (2409,1393)  (2423,1347)  (2455,1393)  (2469,1347)  (2497,1439)  (2501,1393)  (2515,1347)  (2547,1393)  (2561,1347)  (2607,1347)
West Indies  (270,714)
Turkey  (1403,671)  (1357,715)  (1449,659)  (1495,656)
29 Sea Zone  (1646,1720)  (1600,1765)  (1600,1719)  (1691,1766)  (1646,1674)  (1692,1674)  (1692,1720)  (1598,1673)  (1554,1783)  (1554,1737)  (1552,1691)  (1508,1783)  (1508,1737)
Italian Africa  (1418,1142)  (1372,1187)  (1444,1188)  (1416,1096)  (1464,1131)  (1326,1202)
Belgian Congo  (1226,1205)  (1180,1250)  (1180,1204)  (1254,1251)  (1226,1159)  (1251,1297)
Mexico  (3692,637)  (3646,614)  (3726,683)  (3622,568)  (3726,729)
Mozambique  (1379,1426)
French Madagascar  (1515,1570)  (1501,1616)
28 Sea Zone  (1346,1704)  (1300,1749)  (1300,1703)  (1391,1750)  (1346,1658)  (1392,1658)  (1392,1704)  (1254,1783)  (1254,1737)  (1437,1750)  (1208,1783)  (1208,1737)
Yunnan  (2170,826)  (2220,827)  (2119,799)
23 Sea Zone  (921,1283)  (875,1328)  (875,1282)  (966,1329)  (921,1237)  (967,1237)  (967,1283)  (873,1236)  (920,1374)  (874,1374)  (829,1328)  (829,1282)  (1012,1329)  (1012,1375)  (966,1375)  (828,1375)  (979,1191)  (1013,1273)  (827,1236)
Wake Island  (3066,903)
Iceland  (704,10)
Saudi Arabia  (1533,929)  (1487,974)  (1487,928)  (1578,975)  (1533,883)  (1579,923)  (1485,882)  (1532,1020)  (1624,969)  (1439,900)  (1469,836)  (1641,923)
30 Sea Zone  (2063,1718)  (2017,1763)  (2017,1717)  (2108,1764)  (2063,1672)  (2109,1672)  (2109,1718)  (2015,1671)  (1971,1783)  (1971,1737)  (2154,1764)  (2155,1661)  (2155,1707)  (1969,1691)  (1925,1783)  (1925,1737)  (2200,1753)  (2201,1661)  (2201,1707)  (1923,1691)  (1879,1783)  (1879,1737)  (2246,1753)  (2247,1661)  (2247,1707)  (1877,1691)  (1833,1783)  (1833,1737)  (1831,1691)  (1787,1783)  (1787,1737)  (1785,1691)
11 Sea Zone  (461,560)  (415,605)  (415,559)  (506,606)  (461,514)  (507,514)  (507,560)  (413,513)  (460,651)  (414,651)  (529,652)  (483,697)  (529,698)
Baltic States  (1328,288)  (1337,238)  (1276,293)  (1287,238)
Karelia S.S.R.  (1361,139)  (1388,190)  (1414,240)  (1347,87)  (1360,25)
Peruvian Central  (312,1178)  (266,1181)  (357,1224)  (218,1097)
2 Sea Zone  (454,133)  (531,70)  (540,138)  (577,40)  (577,86)  (586,132)  (623,0)  (623,46)  (632,92)  (632,138)  (678,66)  (678,112)  (724,61)  (724,107)  (758,0)  (770,46)  (770,92)  (804,0)  (816,46)
Switzerland  (1005,506)
Trans-Jordan  (1509,742)  (1446,746)  (1420,812)
16 Sea Zone  (1407,602)  (1361,611)  (1453,602)
French Indo-China Thailand  (2228,943)  (2256,989)
Soviet Far East  (2709,83)  (2709,129)  (2800,130)  (2755,38)  (2801,38)  (2801,84)  (2707,37)  (2743,175)  (2697,175)  (2663,129)  (2663,83)  (2846,130)  (2847,15)  (2847,61)  (2651,187)  (2858,176)  (2617,141)  (2617,95)  (2617,49)  (2892,107)  (2893,40)  (2904,153)  (2571,160)  (2571,114)  (2571,68)  (2938,86)  (2939,32)  (2785,297)  (2525,139)  (2984,78)  (2985,24) (2755,84)  
51 Sea Zone  (2758,1014)  (2758,1060)  (2758,1106)  (2758,1152)  (2804,1013)  (2867,1013)  (2894,1080)  (2953,1154)  (2954,1108)  (2956,1013)  (2975,1059)  (2999,1154)  (3000,1105)  (3002,1013)  (3021,1059)  (3045,1151)  (3046,1105)  (3048,1013)  (3067,1059)
Burma  (2120,856)
Western United States  (3576,400)  (3530,445)  (3621,446)  (3622,400)  (3622,354)  (3528,353)  (3575,491)  (3484,403)  (3639,492)  (3574,308)  (3526,307)  (3530,399)  (3576,354)
58 Sea Zone  (3020,478)  (2974,523)  (2974,477)  (3065,524)  (3023,432)  (3066,478)  (3069,429)  (3019,569)  (2973,569)  (2928,523)  (2928,477)  (3086,570)  (2927,570)  (3022,386)  (3068,383)  (2882,524)  (2882,478)  (2881,585)  (2836,539)  (2836,493)  (2835,585)
43 Sea Zone  (3624,1668)  (3578,1713)  (3578,1667)  (3669,1714)  (3624,1622)  (3670,1622)  (3670,1668)  (3576,1621)  (3623,1759)  (3577,1759)  (3532,1713)  (3532,1667)  (3715,1714)  (3715,1760)  (3669,1760)  (3531,1760)  (3622,1576)  (3668,1576)  (3714,1576)  (3716,1622)  (3716,1668)  (3530,1621)  (3530,1575)  (3576,1575)  (3486,1714)  (3486,1668)  (3485,1783)  (3484,1622)  (3484,1576)
39 Sea Zone  (2343,1540)  (2297,1585)  (2297,1539)  (2388,1586)  (2343,1494)  (2389,1494)  (2389,1540)  (2295,1493)  (2251,1615)  (2251,1569)  (2434,1586)  (2435,1491)  (2435,1537)  (2249,1523)  (2205,1615)  (2205,1569)  (2481,1491)  (2203,1523)  (2159,1615)  (2159,1569)  (2527,1491)  (2157,1523)  (2639,1411)  (2803,1394)
Balkans  (1193,622)  (1143,577)  (1203,673)  (1218,724)  (1094,545)
19 Sea Zone  (144,759)  (190,749)  (196,887)  (203,795)  (203,841)  (249,774)  (249,820)  (249,866)  (295,781)  (295,827)  (302,689)  (338,873)  (341,798)  (384,844)  (398,890)
Mongolia  (2187,510)  (2141,521)  (2233,512)  (2121,475)  (2279,506)  (2075,509)  (2075,463)  (2029,475)
Formosa  (2411,891)
Eire  (725,200)
Central United States  (3705,385)  (3726,523)  (3687,339)  (3713,431)  (3726,477)
Archangel  (1537,100)  (1491,145)  (1491,99)  (1537,54)  (1583,54)  (1507,191)  (1445,136)  (1629,16)  (1629,62)  (1675,27)
Egypt  (1348,861)  (1302,916) (1352,913)  (1295,860)
East Poland  (1324,390)  (1330,341)  (1312,439)
20 Sea Zone  (54,921)  (8,966)  (8,920)  (99,967)  (54,875)  (100,875)  (100,921)  (6,874)  (53,1012)  (7,1012)  (145,967)  (145,1013)  (99,1013)  (0,828)  (53,1058)  (7,1058)  (45,1104)
Kiangsu  (2370,637)
Poland  (1261,367)  (1203,418)  (1259,429)  (1199,364) 
Union of South Africa  (1197,1538)  (1151,1583)  (1151,1537)  (1242,1584)  (1197,1492)  (1149,1491)  (1196,1629)  (1252,1630)
Alaska  (3309,75)  (3376,83)  (3401,19)  (3225,105)  (3355,37)
Western Canada  (3566,187)  (3566,141)  (3657,188)  (3612,96)  (3658,96)  (3658,142)  (3564,95)  (3611,233)  (3565,233)  (3520,187)  (3520,141)  (3703,188)  (3703,234)  (3657,234)  (3610,50)  (3656,50)  (3702,50)  (3704,96)  (3704,142)  (3518,95)  (3518,49)  (3564,49)  (3472,98)  (3612,142)
34 Sea Zone  (1637,1100)  (1591,1145)  (1591,1099)  (1682,1146)  (1637,1054)  (1683,1054)  (1683,1100)  (1636,1191)  (1590,1191)  (1695,1192)  (1544,1192)  (1693,1008)
Russia  (1701,226)  (1730,272)  (1639,271)  (1685,180)  (1731,180)  (1747,226)  (1637,179)  (1639,225)  (1684,317)  (1638,317)  (1593,271)  (1593,225)  (1776,272)  (1757,318)  (1592,318)  (1683,134)  (1777,207)  (1651,363)  (1547,272)  (1546,330)
Argentina Chile  (347,1405)  (381,1451)  (335,1451)  (303,1359)  (349,1359)  (393,1405)  (395,1357)  (338,1497)  (395,1311)  (329,1543)
Germany  (1101,401)  (1055,446)  (1055,400)  (1123,447)  (1101,355)  (1009,459)  (1109,493)
Norway  (1072,178)  (1113,128)  (1157,77)  (1192,26)  (1251,2)
Eastern Canada  (281,294)  (244,202)  (290,202)  (210,293)  (336,174)  (336,220)  (256,248)  (164,271)  (253,156)  (151,225)  (105,257)  (105,211)  (59,267)  (59,221)  (53,46)  (51,175)  (35,93)  (13,267)  (13,221)  (7,47)  (5,175)
Japan  (2672,627)  (2670,573)  (2669,514)  (2634,685)  (2670,460)  (2585,733)  (2653,409)  (2559,783)  (2650,357)
New Zealand  (3272,1670)
64 Sea Zone  (3138,245)  (3092,290)  (3092,244)  (3183,291)  (3138,199)  (3184,199)  (3184,245)  (3090,198)  (3046,315)  (3046,269)  (3136,153)  (3151,75)  (3151,29)  (3197,22)  (3243,13)
Suiyuan  (2265,590)
Angola  (1136,1366)  (1154,1412)  (1108,1412)
Yakut S.S.R.  (2242,260)  (2191,209)  (2196,260)  (2237,214)  (2237,168)  (2283,168)  (2187,163)  (2209,306)  (2163,306)  (2233,122)  (2279,122)  (2325,122)  (2371,80)  (2371,126)  (2192,352)  (2146,352)  (2256,76)  (2302,76)  (2417,44)  (2417,90)  (2152,398)  (2463,48)  (2463,94)
Ukraine  (1367,511)  (1417,471)  (1366,461)
56 Sea Zone  (3406,508)  (3360,553)  (3360,507)  (3451,554)  (3406,462)  (3452,508)  (3358,461)  (3405,599)  (3359,599)  (3491,600)  (3404,416)  (3326,415)  (3445,645)  (3399,645)  (3353,645)  (3491,646)  (3372,370)  (3418,370)  (3326,369)  (3445,691)  (3399,691)  (3353,691)  (3491,692)  (3372,324)  (3418,324)  (3326,323)  (3445,737)  (3399,737)  (3353,737)  (3491,738)  (3372,278)  (3418,278)  (3326,277)  (3445,783)  (3399,783)  (3353,783)  (3491,784)
37 Sea Zone  (2124,1081)  (2078,1126)  (2078,1080)  (2145,1127)  (2124,1035)  (2076,1034)  (2099,1172)  (2160,1173)  (2074,988)  (2249,1150)  (2256,1196)  (2074,942)
Fukien  (2300,729)  (2282,775)
24 Sea Zone  (777,1510)  (731,1555)  (731,1509)  (822,1556)  (777,1464)  (823,1464)  (823,1510)  (729,1463)  (685,1586)  (685,1540)  (868,1556)  (869,1433)  (869,1479)  (683,1494)  (683,1448)  (639,1586)  (639,1540)  (637,1494)  (637,1448)
Novosibirsk  (1913,361)  (1872,376)  (1963,407)  (1905,315)  (1951,315)  (1826,361)  (2009,402)
Italy  (1044,603)  (1081,646)  (1044,558) (991,550) (1000,685)  (1122,705)
Czechoslovakia Hungary  (1225,480)  (1175,471)  (1165,520)
9 Sea Zone  (511,351)  (465,396)  (465,350)  (556,397)  (557,320)  (510,442)  (464,442)  (419,396)  (580,443)  (418,443)
India  (1840,863)  (1840,817)  (1931,864)  (1886,772)  (1932,783)  (1838,771)  (1885,909)  (1839,909)  (1794,863)  (1794,817)  (1978,793)  (1819,725)  (1865,725)  (1884,955)  (1883,1001)  (1886,818)
Greenland  (462,11)  (416,27)  (471,57)
45 Sea Zone  (3501,1297)  (3455,1342)  (3455,1296)  (3520,1343)  (3501,1251)  (3453,1250)  (3474,1388)  (3428,1388)  (3409,1342)  (3409,1296)  (3520,1389)  (3499,1205)  (3407,1250)  (3407,1204)  (3453,1204)  (3382,1415)  (3474,1434)  (3363,1369)  (3363,1323)  (3520,1435)  (3499,1159)  (3361,1277)  (3361,1231)  (3361,1185)  (3407,1158)  (3453,1158)  (3474,1480)  (3520,1481)
52 Sea Zone  (2850,860)  (2850,906)  (2850,952)  (2896,859)  (2896,905)  (2896,951)  (2942,859)  (2942,905)  (2942,951)  (2988,859)  (2988,905)  (2988,951)  (3034,859)  (3034,930)  (3080,859)  (3080,935)
Buryatia S.S.R.  (2472,347)  (2426,368)  (2485,301)  (2518,353)  (2472,393)  (2524,399)  (2531,275)  (2380,373)  (2562,229)  (2324,437)
Ningxia  (2090,579)  (2136,617)
48 Sea Zone  (2655,1201)  (2655,1247)  (2655,1293)  (2655,1339)  (2701,1283)  (2701,1329)  (2747,1334)  (2831,1200)  (2877,1200)  (2907,1347)  (2923,1200)  (2941,1246)  (2969,1200)  (3001,1325)  (3015,1200)  (3047,1317)  (3061,1200)  (3068,1246)
62 Sea Zone  (2504,581)  (2504,712)  (2527,627)  (2550,536)  (2550,673)  (2573,582)  (2581,485)  (2589,311)  (2594,788)  (2596,531)  (2596,628)  (2607,427)  (2614,357)  (2619,577)  (2640,758)  (2640,804)  (2683,311)  (2686,432)  (2686,718)  (2686,764)  (2686,810)  (2712,549)  (2716,609)  (2716,655)  (2732,454)  (2732,701)  (2732,747)  (2732,793)  (2738,500)  (2758,546)  (2762,592)  (2762,638)
57 Sea Zone  (3082,632)  (3082,678)  (3082,724)  (3082,770)  (3128,631)  (3128,677)  (3128,723)  (3128,769)  (3132,362)  (3132,408)  (3132,454)  (3132,500)  (3132,546)  (3174,592)  (3174,638)  (3174,684)  (3174,767)  (3174,813)  (3178,361)  (3178,407)  (3178,453)  (3178,499)  (3178,545)  (3220,591)  (3220,637)  (3220,683)  (3220,729)  (3220,775)  (3224,361)  (3224,407)  (3224,453)  (3224,499)  (3224,545)  (3265,261)  (3265,307)  (3266,591)  (3266,637)  (3266,683)  (3266,729)  (3266,775)  (3270,353)  (3270,399)  (3270,445)  (3270,491)  (3270,537)
33 Sea Zone  (1470,1401)  (1494,1447)  (1448,1447)  (1433,1355)  (1479,1355)  (1402,1491)  (1493,1493)  (1429,1309)  (1475,1309)  (1437,1537)  (1391,1537)  (1457,1263)  (1424,1583)  (1378,1583)
59 Sea Zone  (2810,632)  (2810,678)  (2810,724)  (2810,770)  (2856,631)  (2856,677)  (2856,723)  (2856,769)  (2902,733)  (2950,631)  (2951,677)  (2973,813)  (2981,723)  (2996,631)  (2997,677)  (3019,769)  (3027,723)
49 Sea Zone  (2317,1151)  (2317,1197)  (2363,1150)  (2411,1293)  (2483,1187)  (2573,1200)  (2595,1271)
6 Sea Zone  (988,206)  (942,237)  (942,191)  (1025,252)  (988,160)  (979,283)  (896,183)
Borneo  (2435,1206)
Stanovoj Chrebet  (2403,227)  (2357,272)  (2357,226)  (2436,273)  (2433,181)  (2449,227)  (2323,318)  (2495,192)  (2277,352)
Libya  (1130,890)  (1221,904)  (1222,833)  (1091,844) (1176,858)  
French West Africa  (854,1029)  (808,1074)  (808,1028)  (899,1075)  (806,982)  (762,1070)  (760,1024)  (760,978)  (714,1018)
60 Sea Zone  (2567,860)  (2637,933)  (2641,859)  (2683,905)  (2683,951)  (2687,859)  (2729,905)  (2729,951)  (2733,859)  (2775,905)  (2775,951)  (2779,859)
Belorussia  (1461,310)  (1415,354)  (1415,308)
East Indies  (2268,1305)
10 Sea Zone  (310,470)  (332,516)  (286,516)  (306,424)  (240,544)  (332,562)  (286,562)  (332,608)  (286,608)  (161,618)  (115,643)  (69,679)  (69,633)  (23,702)  (23,656)
Philippine Islands  (2589,1118)
Brazil  (502,1123)  (456,1168)  (456,1122)  (547,1169)  (548,1092)  (454,1076)  (501,1214)  (455,1214)  (410,1168)  (410,1122)  (593,1138)  (569,1215)  (408,1076)  (408,1030)  (454,1015)  (523,1260)  (477,1260)  (362,1115)  (362,1069)  (476,1306)  (316,1087)
Kwangtung  (2368,804)  (2354,850)
31 Sea Zone  (1980,1463)  (1934,1508)  (1934,1462)  (2025,1509)  (1980,1417)  (2026,1417)  (2026,1463)  (1932,1416)  (1979,1554)  (1933,1554)  (1888,1508)  (1888,1462)  (2071,1509)  (2071,1555)  (2025,1555)  (1887,1555)  (1978,1371)  (2024,1371)  (2070,1371)  (2072,1417)  (2072,1463)  (1886,1416)  (1886,1370)  (1932,1370)  (1979,1600)  (1933,1600)  (2107,1601)  (2061,1601)  (1887,1601)
42 Sea Zone  (3339,1596)  (3293,1641)  (3293,1595)  (3384,1642)  (3339,1550)  (3385,1550)  (3385,1596)  (3291,1549)  (3338,1687)  (3292,1687)  (3247,1641)  (3247,1595)  (3415,1688)  (3246,1688)  (3337,1504)  (3383,1504)  (3245,1549)  (3245,1503)  (3291,1503)  (3369,1733)  (3323,1733)  (3201,1642)  (3201,1596)  (3415,1734)  (3277,1734)  (3231,1734)  (3200,1688)  (3199,1550)  (3199,1504)  (3185,1745)  (3369,1779)  (3323,1779)  (3155,1642)  (3155,1596)  (3415,1780)  (3277,1780)  (3154,1699)  (3153,1550)  (3153,1504)  (3139,1783)
Okinawa  (2606,915)
13 Sea Zone  (921,676)  (875,721)  (932,630)  (820,738)
25 Sea Zone  (436,1668)  (390,1713)  (390,1667)  (481,1714)  (436,1622)  (482,1622)  (482,1668)  (389,1621)  (435,1759)  (389,1759)  (344,1713)  (344,1667)  (527,1714)  (527,1760)  (481,1760)  (343,1760)  (435,1576)  (481,1576)  (527,1576)  (528,1622)  (528,1668)  (298,1714)  (298,1668)  (298,1622)  (297,1783)  (403,1530)  (449,1530)  (495,1530)  (541,1530)  (261,1576)  (252,1737)  (252,1691)  (252,1645)  (251,1783)  (451,1484)  (497,1484)  (543,1484)  (215,1599)  (206,1737)  (206,1691)  (206,1645)  (205,1783)  (487,1438)  (533,1438)  (169,1599)  (160,1737)  (160,1691)  (160,1645)  (159,1783)  (123,1599)  (114,1737)  (114,1691)  (114,1645)  (113,1783)  (77,1599)  (68,1737)  (68,1691)  (68,1645)  (67,1783)  (31,1599)  (22,1737)  (22,1691)  (22,1645)  (21,1783)
Sahara  (1018,963)  (972,995)  (1064,960)  (954,949)  (1110,951)  (908,970)  (1136,997)  (885,924)  (1169,1043)  (1182,983)  (839,925)  (821,879)  (775,899)  (773,853)  (727,898)
Persia  (1620,694)  (1574,739)  (1574,693)  (1665,740)  (1666,658)  (1573,647)  (1619,785)  (1687,786)
Bulgaria Romania  (1248,525)  (1299,554)  (1246,631)  (1298,502)  (1246,581)
3 Sea Zone  (877,1)  (910,83)  (923,0)  (956,46)  (956,92)  (969,0)  (1002,46)  (1002,92)  (1015,0)  (1048,46)  (1061,0)  (1094,46)  (1107,0)  (1153,0)
Eastern United States  (249,384)  (203,429)  (221,475)  (175,475)  (157,429)  (129,503)  (178,521)  (111,457)  (111,411)  (92,336)  (83,533)  (65,487)  (65,441)  (65,395)  (46,349)  (37,543)  (19,497)  (19,451)  (19,405)  (0,359)
Sweden  (1135,215)  (1210,83)
Sikang  (2165,740)
Himalaya  (1971,701)  (1925,695)  (2017,723)  (2063,736)  (1860,661)
Northern South America  (303,942)  (257,984)  (349,935)
Anglo-Egypt Sudan  (1331,1026)  (1285,1071)  (1285,1025)  (1343,1072)  (1331,980)  (1377,980)  (1377,1026)  (1315,1118)
53 Sea Zone  (3132,860)  (3132,906)  (3132,952)  (3132,998)  (3132,1044)  (3132,1090)  (3178,859)  (3178,905)  (3178,951)  (3178,997)  (3178,1043)  (3178,1089)  (3224,904)  (3224,950)  (3224,1041)  (3224,1087)  (3270,967)  (3270,1040)  (3270,1086)  (3295,859)  (3316,949)  (3316,1053)  (3316,1099)  (3341,859)  (3362,905)  (3362,951)  (3362,1053)  (3362,1099)  (3367,997)
Spain  (781,611)  (735,656)  (820,657)  (752,565)  (827,589)
Morocco Algeria  (945,799)  (891,844)  (891,798)  (982,845)  (983,767)  (845,821)  (980,891)  (799,796)
Kazakh S.S.R.  (1740,532)  (1740,486)  (1831,533)  (1786,441)  (1832,441)  (1832,487)  (1738,440)  (1785,578)  (1739,578)  (1694,531)  (1878,451)  (1692,485)  (1692,439)  (1646,448)  (1786,487)
47 Sea Zone  (3024,1482)  (2978,1527)  (2978,1481)  (3069,1528)  (3024,1436)  (3070,1436)  (3070,1482)  (2976,1435)  (3023,1573)  (2932,1489)  (3086,1574)  (2930,1443)  (2930,1397)
Hupeh  (2234,684)
Hawaiian Islands  (3289,926)  (3256,877)  (3340,1012)  (3246,1008)
17 Sea Zone  (647,975)  (665,1021)  (620,929)  (620,883)  (702,1097)  (666,838)  (620,837)  (748,1140)  (702,1143)  (851,1164)  (910,1164)
12 Sea Zone  (657,590)  (611,635)  (611,589)  (670,636)  (657,544)  (609,543)  (703,509)  (624,681)  (578,681)  (671,701)  (625,727)  (579,727)  (717,737)  (671,747)  (625,773)  (579,773)
Solomon Islands  (3207,1303)
5 Sea Zone  (1213,252)  (1167,297)  (1214,298)  (1218,180)
New Guinea  (2848,1266)  (2894,1291)
44 Sea Zone  (3702,1228)  (3656,1273)  (3656,1227)  (3726,1274)  (3702,1182)  (3654,1181)  (3680,1319)  (3634,1319)  (3610,1273)  (3610,1227)  (3726,1320)  (3608,1181)  (3588,1341)  (3680,1365)  (3634,1365)  (3726,1366)  (3588,1387)  (3680,1411)  (3634,1411)  (3726,1412)  (3588,1433)  (3680,1457)  (3634,1457)  (3726,1458)  (3588,1479)  (3680,1503)  (3634,1503)  (3726,1504)
32 Sea Zone  (1685,1416)  (1639,1461)  (1639,1415)  (1730,1462)  (1685,1370)  (1731,1370)  (1731,1416)  (1637,1369)  (1684,1507)  (1638,1507)  (1593,1439)  (1776,1462)  (1776,1508)  (1730,1508)  (1683,1324)  (1777,1328)  (1777,1374)  (1591,1393)  (1591,1347)  (1637,1323)  (1569,1301)  (1684,1553)  (1638,1553)  (1547,1439)  (1820,1554)  (1774,1554)  (1683,1278)  (1545,1393)  (1545,1347)  (1615,1277)  (1592,1572)  (1540,1255)  (1728,1599)  (1682,1599)  (1820,1600)  (1774,1600)
8 Sea Zone  (679,295)  (633,340)  (633,294)  (724,341)  (725,262)  (631,248)  (678,386)  (632,386)  (727,387)  (626,202)  (681,432)  (635,432)  (727,433)
Midway  (3163,735)
Australia  (2724,1547)  (2815,1594)  (2770,1502)  (2816,1508)  (2722,1501)  (2769,1639)  (2723,1639)  (2678,1593)  (2678,1547)  (2861,1554)  (2861,1600)  (2815,1640)  (2677,1640)  (2862,1480)  (2676,1501)  (2706,1455)  (2867,1646)  (2632,1594)  (2632,1548)  (2907,1549)  (2907,1595)  (2821,1686)  (2631,1663)  (2630,1502)  (2913,1641)  (2913,1687)  (2867,1692)  (2586,1617)  (2586,1571)  (2585,1688)  (2895,1738)  (2849,1738)  (2540,1637)  (2540,1591)  (2770,1548)  (2724,1593)  
1 Sea Zone  (527,213)  (481,242)  (481,196)  (572,259)  (573,185)  (307,0)  (178,161)  (176,115)  (130,141)  (130,95)
Caucasus  (1539,497)  (1493,542)  (1558,543)  (1572,451)  (1580,589)  (1595,405)
Gibraltar  (756,705)
Finland  (1293,56)  (1259,161)  (1311,161)  (1292,108)
United Kingdom    (843,140)  (808,240)  (857,240)  (856,87)  (866,289)  (762,176)  (846,190) (815,289)
14 Sea Zone  (1160,733)  (1114,778)  (1081,732)  (1068,779)  (1254,771)  (1037,686)  (1006,640)
Eastern Ukraine  (1469,402)  (1423,419)  (1515,396)
Manchuria  (2404,549)  (2386,457)  (2432,457)  (2450,549)  (2421,503)
Rhodesia  (1356,1321)  (1310,1322)  (1359,1275)  (1319,1368)  (1268,1420)  (1222,1413)  (1273,1472)
36 Sea Zone  (2208,1081)  (2254,1085)  (2300,1085)  (2326,1013)  (2346,1059)  (2372,1013)  (2392,1059)  (2418,1013)  (2438,1059)
21 Sea Zone  (98,1295)  (52,1340)  (52,1294)  (143,1341)  (98,1249)  (144,1249)  (144,1295)  (50,1248)  (97,1386)  (51,1386)  (6,1340)  (6,1294)  (189,1341)  (189,1387)  (143,1387)  (5,1387)  (96,1203)  (142,1203)  (188,1203)  (190,1249)  (190,1295)  (4,1248)  (4,1202)  (50,1202)  (97,1432)  (51,1432)  (235,1341)  (235,1387)  (235,1433)  (189,1433)  (143,1433)  (5,1433)  (96,1157)  (142,1157)  (236,1236)  (236,1282)  (0,1156)  (46,1156)  (97,1478)  (51,1478)  (251,1479)  (205,1479)  (159,1479)  (5,1479)  (130,1111)
Chinghai  (1987,577)  (1936,610)  (1936,564)  (2027,623)  (1982,531)  (1922,518)  (1890,612)
50 Sea Zone  (2492,1014)  (2492,1060)  (2494,1106)  (2607,1013)  (2623,1059)  (2648,1105)  (2652,1151)  (2653,1013)  (2669,1059)  (2694,1105)  (2698,1151)  (2699,1013)
22 Sea Zone  (674,1282)  (628,1327)  (628,1281)  (719,1328)  (674,1236)  (720,1236)  (720,1282)  (626,1235)  (673,1373)  (627,1373)  (582,1327)  (749,1374)  (581,1374)  (535,1387)
35 Sea Zone  (1903,1169)  (1857,1214)  (1857,1168)  (1948,1215)  (1903,1123)  (1949,1123)  (1949,1169)  (1855,1122)  (1902,1260)  (1856,1260)  (1811,1214)  (1811,1168)  (1994,1215)  (1994,1261)  (1948,1261)  (1810,1261)  (1917,1077)  (1963,1077)  (1995,1123)  (1995,1169)  (1809,1122)  (1809,1076)  (2009,1063)  (1765,1215)  (1765,1169)  (2040,1244)  (1764,1282)  (1934,1031)  (1763,1123)  (1763,1077)  (1763,1031)  (1980,1017)  (2026,1017)  (2086,1244)  (1741,985)  (1787,985)  (1940,971)  (1986,971)  (1741,939)  (1981,925)  (2027,925)  (2013,879)