East Compass Sea Zone  (1855,1627)  (1809,1672)  (1809,1626)  (1900,1673)  (1855,1581)  (1901,1581)  (1901,1627)  (1807,1580)  (1854,1718)  (1808,1718)  (1763,1672)  (1763,1626)  (1946,1673)  (1946,1719)  (1900,1719)  (1762,1719)  (1853,1535)  (1899,1535)  (1945,1535)  (1947,1581)  (1947,1627)  (1761,1580)  (1761,1534)  (1807,1534)  (1854,1764)  (1808,1764)  (1982,1765)  (1936,1765)  (1762,1765)  (1853,1489)  (1899,1489)  (1945,1489)  (1758,1488)  (1804,1488)  (1890,1810)  (1844,1810)  (1982,1811)  (1936,1811)  (1798,1811)  (1850,1443)  (1896,1443)  (1758,1442)  (1804,1442)  (1850,1397)  (1896,1397)  (1758,1396)  (1804,1396)  (1850,1351)  (1896,1351)  (1758,1350)  (1804,1350)  (1850,1305)  (1896,1305)  (1758,1304)  (1804,1304)
Germany  (975,523)  (969,473)  (1010,424)  (1058,424)  (1106,424)  (1017,470)  (1065,471)  (1113,472)  (1023,517)  (1071,519)  (1029,563)  (1077,567)  (1119,520)
East Canada  (359,502)  (313,541)  (313,495)  (405,516)  (305,449)  (279,587)  (267,541)  (267,495)  (259,449)  (259,403)  (233,621)  (221,575)  (221,529)  (175,598)  (158,552)  (132,506)  (120,264)  (86,529)  (82,483)  (74,300)  (40,535)  (36,489)  (30,346)  (29,443)  (28,300)  (9,397)
Midway  (2896,704)
Caspian Sea Zone  (1481,596)
West Panama Sea Zone  (49,1188)  (3,1233)  (3,1187)  (49,1234)  (49,1142)  (1,1141)  (0,1095)
Australia  (2352,1636)  (2306,1681)  (2306,1635)  (2397,1682)  (2352,1590)  (2398,1590)  (2398,1636)  (2304,1589)  (2351,1727)  (2305,1727)  (2260,1681)  (2260,1635)  (2443,1682)  (2443,1728)  (2397,1728)  (2259,1728)  (2350,1544)  (2444,1566)  (2444,1612)  (2258,1589)  (2258,1543)  (2304,1543)  (2351,1773)  (2305,1773)  (2214,1682)  (2214,1636)  (2489,1658)  (2489,1704)  (2489,1750)  (2443,1774)  (2397,1774)  (2259,1774)  (2213,1774)  (2213,1728)  (2490,1577)  (2212,1590)  (2212,1544)  (2301,1497)  (2511,1796)  (2168,1682)  (2168,1636)  (2535,1634)  (2535,1680)  (2535,1726)  (2465,1820)  (2419,1820)  (2167,1799)  (2167,1753)  (2166,1590)  (2122,1707)  (2122,1661)  (2482,1866)  (2436,1866)  (2121,1823)  (2121,1777)  (2120,1615)
Mozambique Sea Zone  (1432,1541)  (1458,1587)  (1412,1587)  (1406,1495)  (1452,1495)  (1411,1633)  (1383,1449)  (1429,1449)  (1414,1403)  (1354,1687)  (1344,1733)
Red Sea Zone  (1359,1056)  (1339,1010)  (1534,1234)  (1539,1155)  (1563,1280)  (1517,1280)  (1574,1109)  (1580,1201)  (1585,1155)  (1586,1326)  (1540,1326)  (1494,1326)
East Pacific Sea Zone  (3311,1399)  (3265,1444)  (3265,1398)  (3356,1445)  (3311,1353)  (3357,1353)  (3357,1399)  (3263,1352)  (3219,1473)  (3219,1427)  (3402,1445)  (3403,1318)  (3403,1364)  (3217,1381)  (3217,1335)  (3448,1410)  (3448,1456)  (3449,1318)  (3449,1364)
West Spain Sea Zone  (618,715)  (572,760)  (572,714)  (657,761)  (618,669)  (572,668)  (611,806)  (694,807)  (618,623)  (572,622)  (664,617)  (648,852)  (602,852)  (694,853)  (618,577)  (572,576)  (664,571)  (776,557)  (710,541)  (618,531)  (572,530)
Manchuria  (2343,570)  (2297,615)  (2297,569)  (2343,616)  (2343,524)  (2389,524)  (2295,523)  (2251,614)  (2337,662)  (2341,478)  (2435,542)  (2249,568)  (2343,710)
Alaska  (2934,256)  (2888,301)  (2888,255)  (2960,302)  (2934,210)  (2914,347)  (2856,347)  (2960,348)  (2904,164)  (2950,164)  (2810,341)  (2899,118)  (2945,118)  (2902,72)  (2948,72)  (2913,26)  (2959,26)
Midway Sea Zone  (2866,514)  (2866,560)  (2866,606)  (2866,652)  (2866,749)  (2866,795)  (2866,841)  (2912,513)  (2912,559)  (2912,605)  (2912,651)  (2912,745)  (2912,791)  (2912,837)  (2931,697)  (2958,513)  (2958,559)  (2958,605)  (2958,651)  (2958,743)  (2958,789)  (2958,835)
South Argentina Sea Zone  (398,1831)  (352,1876)  (352,1830)  (443,1877)  (398,1785)  (444,1785)  (444,1831)  (350,1784)  (397,1922)  (351,1922)  (306,1876)  (306,1830)  (489,1877)  (489,1923)  (443,1923)  (305,1923)  (490,1775)  (490,1821)  (304,1784)  (260,1877)  (259,1953)  (214,1907)  (214,1861)  (213,1953)  (190,1815)  (168,1907)  (168,1861)  (167,1953)  (144,1815)  (122,1907)  (122,1861)  (121,1953)  (98,1815)  (76,1907)  (76,1861)  (75,1953)  (52,1815)  (30,1907)  (30,1861)  (29,1953)  (6,1815)
South Atlantic Sea Zone  (796,1699)  (750,1744)  (750,1698)  (841,1745)  (796,1653)  (842,1653)  (842,1699)  (748,1652)  (704,1761)  (704,1715)  (794,1607)  (840,1607)  (702,1669)  (702,1623)  (748,1606)  (658,1761)  (658,1715)  (656,1669)  (656,1623)  (612,1761)  (612,1715)  (610,1669)  (610,1623)
Persia  (1485,782)  (1439,827)  (1439,781)  (1531,758)  (1466,735)  (1558,804)  (1577,748)  (1582,850)  (1628,831)
Finland Norway  (964,287)  (969,237)  (1016,217)  (1034,168)  (1082,136)  (1131,151)  (1135,201)  (1125,249)
French West Africa  (776,1087)  (730,1076)  (821,1133)  (775,1133)  (776,1041)  (822,1041)  (822,1087)  (718,1030)  (729,1171)  (867,1133)  (827,1179)  (781,1179)  (764,995)  (868,995)  (868,1041)  (868,1087)  (702,984)  (735,1217)  (827,1225)  (781,1225)
Turkey  (1348,728)  (1302,741)  (1394,708)  (1256,730)
South East Madagascar Sea Zone  (1597,1900)  (1551,1945)  (1551,1899)  (1642,1946)  (1643,1860)  (1505,1953)  (1505,1907)  (1505,1861)  (1459,1953)  (1459,1907)
Angola Sea Zone  (968,1672)  (922,1717)  (922,1671)  (1013,1718)  (968,1626)  (920,1625)  (967,1763)  (921,1763)  (1049,1764)  (966,1580)  (920,1579)  (1003,1809)  (957,1809)  (1077,1810)  (966,1534)  (920,1533)  (1031,1855)  (985,1855)  (939,1855)  (1094,1856)  (1048,1901)  (1002,1901)  (956,1901)  (1109,1902)  (1063,1947)  (1017,1947)  (971,1947)  (925,1947)  (1123,1948)
South Brazil Sea Zone  (585,1467)  (539,1512)  (539,1466)  (609,1513)  (585,1421)  (537,1420)  (493,1551)  (493,1505)  (583,1375)  (556,1329)  (602,1329)
Soviet Far East Sea Zone  (2673,463)  (2595,449)  (2583,403)  (2537,448)  (2537,402)  (2521,356)  (2797,144)  (2797,98)  (2796,52)  (2796,6)
Congo  (1094,1414)  (1048,1459)  (1048,1413)  (1134,1460)  (1094,1368)  (1140,1368)  (1046,1367)  (1127,1322)  (1173,1322)  (1000,1375)  (1069,1321)  (1219,1288)  (1156,1276)
West Mediteranean Sea Zone  (877,794)  (923,749)  (859,748)  (831,804)
Black Sea Zone  (1306,641)  (1352,626)
India  (1779,967)  (1733,1001)  (1733,955)  (1824,1013)  (1779,921)  (1825,921)  (1825,967)  (1720,909)  (1778,1047)  (1766,875)  (1812,875)  (1871,896)  (1871,942)  (1871,988)  (1674,928)  (1698,863)  (1804,1093)  (1758,1093)  (1747,829)  (1917,920)  (1797,1139)
Soviet Far East  (2385,339)  (2339,367)  (2339,321)  (2412,385)  (2385,293)  (2431,293)  (2333,275)  (2458,423)  (2379,247)  (2425,247)  (2471,247)  (2333,229)  (2517,207)  (2517,253)  (2379,201)  (2425,201)  (2471,201)  (2333,183)  (2544,299)  (2517,161)  (2563,161)  (2563,207)  (2563,253)  (2379,155)  (2425,155)  (2471,155)  (2333,137)  (2517,115)  (2563,115)  (2609,115)  (2609,161)  (2609,207)  (2609,253)  (2379,109)  (2425,109)  (2471,109)  (2623,352)  (2630,299)  (2333,91)  (2517,69)  (2563,69)  (2609,69)  (2655,69)  (2655,115)  (2655,161)  (2655,207)  (2655,253)  (2379,63)  (2425,63)  (2471,63)  (2333,45)  (2517,23)  (2563,23)  (2609,23)  (2655,23)  (2701,23)  (2701,69)  (2701,115)  (2701,161)  (2701,207)  (2379,17)  (2425,17)  (2471,17)
East Europe  (1194,420)  (1221,466)  (1175,466)  (1158,374)  (1204,374)  (1218,512)  (1172,512)  (1151,328)  (1197,328)  (1221,558)  (1175,558)  (1222,604)  (1176,604)  (1191,650)
Mexico  (3359,989)  (3320,943)  (3366,943)  (3293,897)  (3339,897)
West Africa Sea Zone  (603,1047)  (626,1093)  (580,1093)  (572,1001)  (618,1001)  (632,1139)  (586,1139)  (572,955)  (618,955)  (640,1185)  (594,1185)  (658,1231)  (612,1231)  (680,1277)  (634,1277)  (588,1277)  (726,1315)  (680,1323)  (776,1331)
French Indo China  (2052,979)  (2006,1024)  (2006,978)  (2097,1025)  (2052,933)  (2098,933)  (2098,979)  (2004,932)  (2023,1070)  (2108,1071)  (2008,886)
Borneo Celebes  (2219,1268)  (2244,1212)  (2281,1270)
New Guinea Sea Zone  (2378,1387)  (2423,1277)  (2429,1424)  (2469,1277)  (2475,1428)  (2515,1277)  (2547,1323)  (2561,1277)  (2593,1323)
Spain  (763,674)  (717,719)  (717,673)  (806,720)  (763,628)  (809,645)
Afghanistan  (1686,758)  (1732,740)
Angola  (1093,1562)  (1079,1608)  (1139,1540)  (1139,1586)
North Atlantic Sea Zone  (472,896)  (426,941)  (426,895)  (517,942)  (472,850)  (518,850)  (518,896)  (424,849)  (471,987)  (425,987)  (526,988)  (470,804)  (516,804)  (392,803)  (480,1033)  (434,1033)  (526,1034)  (438,758)  (484,758)  (392,757)
Eire  (679,344)  (708,293)  (732,340)  (757,290)
Novosibirsk  (1883,473)  (1837,518)  (1837,472)  (1889,519)  (1883,427)  (1929,427)  (1929,473)  (1835,426)  (1843,564)  (1797,564)  (1791,518)  (1791,472)  (1881,381)  (1927,381)  (1973,381)  (1975,427)  (1789,426)  (1745,557)  (1745,511)  (2021,383)  (2021,429)  (2067,378)  (2067,424)
Mozambique  (1323,1607)  (1290,1653)  (1333,1561)
Italian East Africa  (1391,1224)  (1436,1270)  (1390,1270)  (1344,1178)  (1437,1223)  (1412,1316)
Karelia S.S.R.  (1291,227)  (1245,240)  (1299,273)  (1278,181)  (1324,181)  (1337,227)  (1364,273)  (1370,154)  (1199,240)  (1383,200)  (1175,112)  (1410,246)  (1416,131)  (1429,177)  (1456,223)  (1462,125)  (1475,171)  (1499,68)  (1508,114)  (1545,68)  (1554,114)  (1574,21)
Brazil  (374,1345)  (328,1390)  (328,1344)  (419,1391)  (374,1299)  (420,1299)  (420,1345)  (326,1298)  (373,1436)  (327,1436)  (282,1358)  (445,1437)  (466,1308)  (466,1354)  (280,1312)  (280,1266)  (326,1252)  (373,1482)  (234,1323)  (234,1277)  (188,1326)
Kwangtung  (2230,839)  (2184,866)  (2244,885)  (2231,793)  (2248,747)  (2214,701)
Caucasus  (1437,431)  (1437,477)  (1394,385)  (1440,385)  (1430,523)  (1394,339)  (1440,339)  (1427,569)
Yakut S.S.R.  (2200,320)  (2154,365)  (2154,319)  (2245,366)  (2200,274)  (2246,274)  (2246,320)  (2152,273)  (2199,411)  (2153,411)  (2272,412)  (2198,228)  (2244,228)  (2114,227)  (2226,457)  (2160,182)  (2206,182)  (2252,182)  (2114,181)  (2160,136)  (2206,136)  (2252,136)  (2114,135)  (2160,90)  (2206,90)  (2252,90)  (2114,89)  (2160,44)  (2206,44)  (2252,44)  (2114,43)
Caroline Islands Sea Zone  (2378,1196)  (2424,1195)  (2433,1048)  (2433,1094)  (2433,1140)  (2470,1186)  (2479,1047)  (2479,1093)  (2516,1192)  (2525,1047)  (2562,1185)  (2562,1231)  (2564,1093)  (2571,1047)  (2608,1186)  (2610,1093)  (2617,1047)  (2635,1139)  (2654,1185)  (2654,1231)  (2656,1093)
Evenki National Okrug  (1968,209)  (1922,254)  (1922,208)  (2013,255)  (1968,163)  (2014,163)  (2014,209)  (1920,162)  (1967,300)  (1921,300)  (1876,254)  (1876,208)  (2059,255)  (2059,301)  (2013,301)  (1875,301)  (1966,117)  (2012,117)  (2058,117)  (2060,163)  (2060,209)  (1874,162)  (1874,116)  (1920,116)  (1966,71)  (2012,71)  (2058,71)  (1864,70)  (1910,70)  (1956,25)  (2002,25)  (2048,25)  (1864,24)  (1910,24)
Carribean Sea Zone  (0,964)  (87,963)  (98,1009)  (126,1055)  (144,990)  (172,1036)  (172,1082)  (218,1041)  (218,1087)  (264,1035)  (264,1081)  (273,1127)  (300,963)  (310,1040)  (319,1086)  (319,1132)  (346,964)
Hawaiian Islands  (3007,1057)  (2920,987)  (2986,1005)
West Europe  (872,556)  (920,555)  (871,507)  (918,507)  (822,508)  (823,555)  (841,601)  (888,603)  (880,650)  (908,458)
East Indies  (2038,1340)  (2083,1386)  (2013,1294)  (2002,1248)
Switzerland  (969,584)
Indian Ocean Sea Zone  (1866,1206)  (1820,1246)  (1854,1160)  (1900,1160)  (1912,1206)  (1774,1246)  (1857,1114)  (1759,1200)  (1728,1246)  (1876,1068)  (1719,1154)  (1713,1200)  (1703,1108)  (1688,1062)  (1682,1246)  (1675,1016)  (1673,1154)  (1667,1200)  (1657,1108)  (1642,1062)  (1636,1246)
Baltic Sea Zone  (1043,383)  (1084,341)  (1086,290)  (1135,282)  (1088,239)
Kazakh S.S.R.  (1673,648)  (1627,692)  (1638,602)  (1684,602)  (1719,648)  (1629,556)  (1765,651)  (1573,686)  (1557,632)
North Australia Sea Zone  (2564,1553)  (2601,1599)  (2523,1507)  (2569,1507)  (2415,1500)  (2601,1774)
Japan Sea Zone  (2648,843)  (2647,792)  (2596,842)  (2594,790)  (2544,843)  (2541,789)  (2489,842)  (2603,738)  (2656,737)  (2654,683)  (2652,629)  (2650,571)  (2478,597)  (2429,623)  (2410,672)  (2652,519)
United Kingdom  (747,422)  (797,431)  (847,431)  (795,382)  (843,382)  (806,332)  (855,332)  (812,282)  (828,232)  (862,281)
North Brazil Sea Zone  (469,1153)  (423,1198)  (423,1152)  (514,1199)  (469,1107)  (515,1107)  (515,1153)  (421,1106)  (468,1244)  (526,1245)
East US Sea Zone  (314,837)  (268,882)  (268,836)  (346,883)  (314,791)  (266,790)  (222,917)  (222,871)  (312,745)  (220,825)  (118,917)  (72,917)  (27,871)  (26,917)
Antartic Sea Zone  (715,1867)  (669,1912)  (669,1866)  (760,1913)  (715,1821)  (761,1821)  (761,1867)  (667,1820)  (623,1953)  (623,1907)  (806,1913)  (807,1807)  (807,1853)  (621,1861)  (621,1815)  (577,1953)  (577,1907)  (852,1899)  (852,1945)  (853,1807)  (853,1853)  (575,1861)  (575,1815)
South Africa Sea Zone  (1291,1912)  (1245,1953)  (1245,1907)  (1291,1866)  (1337,1866)  (1337,1912)  (1240,1861)  (1199,1953)  (1286,1820)  (1383,1894)  (1383,1940)
Madagascar  (1417,1751)  (1423,1797)  (1419,1705)
South Australia Sea Zone  (2073,1918)  (2027,1953)  (2027,1907)  (2119,1878)  (2119,1924)  (2015,1861)  (2061,1861)  (2165,1871)  (2165,1917)  (2211,1848)  (2211,1894)  (2211,1940)  (2257,1833)  (2257,1879)  (2257,1925)  (2303,1835)  (2303,1881)  (2303,1927)  (2349,1885)  (2349,1931)  (2395,1917)  (2441,1930)  (2487,1933)  (2533,1910)  (2566,1864)  (2579,1910)
West Compass Sea Zone  (1620,1502)  (1574,1547)  (1574,1501)  (1665,1548)  (1620,1456)  (1666,1456)  (1666,1502)  (1572,1455)  (1619,1593)  (1573,1593)  (1528,1547)  (1528,1501)  (1711,1548)  (1711,1594)  (1665,1594)  (1527,1594)  (1618,1410)  (1664,1410)  (1710,1410)  (1712,1456)  (1712,1502)  (1526,1455)  (1526,1409)  (1572,1409)  (1619,1639)  (1573,1639)  (1712,1640)  (1666,1640)  (1527,1640)  (1633,1364)  (1679,1364)  (1620,1685)  (1574,1685)  (1712,1686)  (1666,1686)  (1528,1686)  (1632,1318)  (1678,1318)  (1620,1731)  (1574,1731)  (1712,1732)  (1666,1732)  (1528,1732)  (1482,1770)  (1620,1777)  (1574,1777)  (1712,1778)  (1666,1778)  (1528,1778)
Mexico Sea Zone  (3292,1129)  (3246,1174)  (3246,1128)  (3337,1175)  (3292,1083)  (3338,1083)  (3338,1129)  (3244,1082)  (3291,1220)  (3245,1220)  (3200,1174)  (3200,1128)  (3383,1175)  (3383,1221)  (3337,1221)  (3199,1221)  (3290,1037)  (3384,1079)  (3384,1125)  (3198,1082)  (3198,1036)  (3244,1036)  (3291,1266)  (3245,1266)  (3429,1171)  (3429,1217)  (3429,1263)  (3383,1267)  (3337,1267)  (3199,1267)  (3430,1085)  (3195,990)  (3241,990)  (3195,944)
West Australia Sea Zone  (2049,1543)  (2049,1589)  (2028,1497)  (2074,1497)  (2120,1485)  (2048,1635)  (2166,1485)  (2054,1681)  (2066,1727)  (2057,1773)
South Africa  (1180,1683)  (1134,1728)  (1134,1682)  (1225,1729)  (1180,1637)  (1226,1637)  (1226,1683)  (1179,1774)  (1133,1774)  (1088,1705)  (1238,1775)  (1191,1820)  (1145,1820)
New Zealand  (2769,1746)  (2720,1849)
Ukraine S.S.R.  (1314,396)  (1268,441)  (1268,395)  (1331,442)  (1314,350)  (1267,349)  (1285,487)  (1331,488)  (1285,533)
Kwangtung Sea Zone  (2302,883)
Columbia  (208,1184)  (162,1210)  (151,1256)
Congo Sea Zone  (815,1467)  (769,1512)  (769,1466)  (860,1513)  (815,1421)  (861,1421)  (861,1467)  (767,1420)  (723,1551)  (723,1505)  (823,1375)  (869,1375)  (907,1421)  (907,1467)  (721,1459)  (721,1413)  (915,1367)  (677,1551)  (677,1505)  (843,1329)  (953,1417)  (953,1463)  (675,1459)  (675,1413)  (889,1321)  (935,1321)
Rio del Oro  (682,1112)
Anglo Sudan Egypt  (1206,977)  (1160,1022)  (1160,976)  (1251,1023)  (1206,931)  (1252,968)  (1205,1068)  (1159,1068)  (1297,1064)  (1251,1069)  (1310,1110)  (1205,1114)  (1159,1114)  (1264,1115)  (1218,1160)  (1172,1160)  (1287,1161)  (1279,1207)
Gibraltar  (765,776)
French Equatorial Africa  (1013,1157)  (967,1202)  (967,1156)  (1058,1203)  (1013,1111)  (1059,1111)  (1059,1157)  (965,1110)  (1012,1248)  (966,1248)  (921,1202)  (921,1156)  (1104,1203)  (1090,1249)  (920,1249)  (919,1110)  (919,1064)  (965,1064)  (916,1018)
Solomon Islands  (2688,1381)  (2763,1428)
East US  (179,754)  (133,799)  (133,753)  (187,708)  (131,707)  (233,700)  (87,828)  (87,782)  (85,736)  (85,690)  (68,644)  (41,819)  (39,773)  (39,727)  (22,681)  (22,635)  (13,589)
Philippines  (2298,1039)  (2271,1090)  (2332,1099)
Central Mediteranean Sea Zone  (1092,830)  (1046,856)  (1046,810)  (1108,784)  (1138,830)  (1029,764)  (990,714)
North Pacific Sea Zone  (2766,785)  (2720,830)  (2720,784)  (2811,831)  (2766,739)  (2812,739)  (2812,785)  (2718,738)  (2764,693)  (2810,693)  (2703,692)  (2749,647)  (2795,647)  (2703,646)  (2749,601)  (2795,601)  (2703,600)  (2749,555)  (2795,555)  (2703,554)
Philippines Sea Zone  (2225,1073)  (2225,1119)  (2271,1124)  (2317,1149)  (2321,971)  (2337,1017)  (2353,925)  (2363,1144)  (2367,971)  (2368,1063)  (2383,1017)
West Canada  (3187,481)  (3141,522)  (3141,476)  (3232,527)  (3187,435)  (3233,435)  (3233,481)  (3135,430)  (3278,527)  (3181,389)  (3227,389)  (3273,389)  (3279,435)  (3279,481)  (3089,450)  (3089,404)  (3135,384)  (3063,358)  (3319,349)  (3324,527)  (3181,343)  (3227,343)  (3273,343)  (3325,395)  (3325,441)  (3109,338)  (3017,341)  (3063,312)  (3319,303)  (3365,303)  (3365,349)  (3370,487)  (3370,533)  (3155,297)  (3201,297)  (3247,297)  (3371,395)  (3371,441)  (3006,295)  (3109,292)  (3052,266)  (3293,257)  (3339,257)  (3385,257)  (3411,303)  (3411,349)  (3416,487)  (3416,533)  (3155,251)  (3201,251)  (3247,251)  (3417,395)  (3417,441)  (3006,249)  (3098,246)  (3431,237)  (3052,220)  (3293,211)  (3339,211)  (3385,211)  (3144,205)  (3190,205)  (3236,205)  (3006,203)  (3098,200)  (3431,191)  (3052,174)  (3282,165)  (3328,165)  (3374,165)  (3144,159)  (3190,159)  (3236,159)  (3006,157)  (3098,154)  (3420,145)  (3052,128)  (3282,119)  (3328,119)  (3374,119)  (3144,113)  (3190,113)  (3236,113)  (3006,111)  (3098,108)  (3420,99)  (3052,82)  (3282,73)  (3328,73)  (3374,73)  (3144,67)  (3190,67)  (3236,67)  (3006,65)  (3098,62)  (3420,53)  (3052,36)  (3282,27)  (3328,27)  (3374,27)  (3144,21)  (3190,21)  (3236,21)  (3006,19)  (3098,16)  (3420,7)
South Pacific Sea Zone  (3120,1346)  (3074,1391)  (3074,1345)  (3149,1392)  (3120,1300)  (3072,1299)  (3103,1437)  (3057,1437)  (3028,1391)  (3028,1345)  (3149,1438)  (3118,1254)  (3026,1299)  (3026,1253)  (3072,1253)  (3011,1454)  (2982,1408)  (2982,1362)  (3118,1208)  (2980,1316)  (2980,1270)  (2980,1224)  (3026,1207)  (3072,1207)  (2965,1473)  (2951,1178)  (2936,1427)  (2936,1381)  (3118,1162)  (2934,1335)  (2934,1289)  (2934,1243)  (2997,1161)  (3043,1161)  (2919,1473)  (2905,1197)  (2890,1427)  (2890,1381)  (2888,1335)  (2888,1289)  (2888,1243)
Borneo Sea Zone  (2326,1203)  (2280,1248)  (2280,1202)  (2332,1249)  (2286,1294)  (2240,1294)  (2234,1248)  (2234,1202)  (2332,1295)  (2194,1324)  (2286,1340)  (2240,1340)  (2188,1278)  (2332,1341)  (2286,1386)  (2332,1387)
Wake Island Sea Zone  (2630,898)  (2630,944)  (2630,990)  (2676,897)  (2676,986)  (2702,1047)  (2702,1093)  (2722,897)  (2722,970)  (2748,1016)  (2748,1062)  (2748,1108)  (2768,897)  (2768,943)
Sinkiang  (1942,721)  (1896,766)  (1896,720)  (1987,767)  (1942,675)  (1988,675)  (1988,721)  (1894,674)  (1941,812)  (1895,812)  (1850,766)  (1850,720)  (1940,629)  (1986,629)  (1848,674)  (1877,628)  (1951,858)  (1928,583)
Algeria  (857,898)  (811,927)  (811,881)  (868,852)  (903,898)  (914,843)  (765,894)  (960,824)  (960,870)
Karelia Sea Zone  (1307,57)  (1261,80)  (1261,34)  (1307,11)  (1353,11)  (1353,57)  (1215,51)  (1215,5)  (1399,0)  (1399,46)  (1169,41)  (1445,0)  (1491,0)
East Argentina Sea Zone  (440,1655)  (394,1700)  (394,1654)  (485,1701)  (440,1609)  (486,1609)  (486,1655)  (392,1608)  (348,1729)  (348,1683)  (346,1637)  (401,1562)  (302,1729)  (302,1683)
East Canada Sea Zone  (490,413)  (444,458)  (444,412)  (526,459)  (490,367)  (442,366)  (480,504)  (398,415)  (526,505)  (488,321)  (396,369)  (396,323)  (442,320)  (353,277)  (480,550)  (526,551)  (488,275)  (350,364)  (399,274)  (307,318)  (307,272)  (353,231)  (526,597)  (445,229)  (491,229)  (399,228)  (302,226)  (437,635)  (261,318)  (261,272)  (348,185)  (526,643)  (445,183)  (491,183)  (394,182)  (256,226)  (256,180)  (302,180)  (391,667)  (480,681)  (215,320)  (348,139)  (526,689)  (440,137)  (486,137)  (394,136)  (210,193)  (210,147)  (256,134)  (302,134)  (197,373)  (184,435)  (177,101)  (169,327)  (348,93)  (440,91)  (486,91)  (394,90)  (164,192)  (223,88)  (269,88)  (151,389)  (138,447)  (131,146)  (131,100)  (177,55)  (130,54)  (123,343)  (315,47)  (440,45)  (486,45)  (361,44)  (223,42)  (269,42)  (105,401)  (85,171)  (85,125)  (176,9)  (84,79)  (84,33)  (130,8)  (315,1)  (46,219)  (39,173)  (39,127)  (38,81)  (38,35)
West US Sea Zone  (3072,778)  (3026,823)  (3026,777)  (3117,824)  (3072,732)  (3024,731)  (3070,686)  (3018,685)  (3064,640)  (3018,639)  (3064,594)  (3018,593)  (3018,547)
Wake Island  (2689,950)
Okinawa Sea Zone  (2433,898)  (2433,944)  (2433,990)  (2479,987)  (2525,965)  (2531,897)  (2571,943)  (2571,989)  (2577,897)
New Zealand Sea Zone  (2647,1520)  (2647,1566)  (2647,1612)  (2647,1658)  (2647,1704)  (2647,1750)  (2647,1796)  (2647,1920)  (2693,1519)  (2693,1565)  (2693,1611)  (2693,1657)  (2693,1703)  (2693,1749)  (2693,1931)  (2739,1519)  (2739,1565)  (2739,1611)  (2739,1932)  (2766,1885)  (2785,1519)  (2785,1565)  (2785,1611)  (2785,1931)  (2788,1657)  (2793,1826)  (2812,1872)  (2831,1519)  (2831,1565)  (2831,1611)  (2831,1918)  (2834,1657)  (2838,1779)  (2839,1825)  (2858,1871)  (2860,1731)  (2877,1519)  (2877,1565)  (2877,1611)  (2877,1917)  (2880,1657)  (2884,1777)  (2885,1823)  (2904,1869)  (2906,1703)  (2923,1519)  (2923,1565)  (2923,1611)  (2923,1915)  (2926,1657)  (2930,1749)  (2931,1795)  (2950,1841)  (2952,1703)  (2969,1519)  (2969,1565)  (2969,1611)  (2969,1887)  (2969,1933)  (2972,1657)  (2976,1749)  (2977,1795)  (2996,1841)  (2998,1703)  (3015,1519)  (3015,1565)  (3015,1611)  (3015,1887)  (3015,1933)  (3018,1657)  (3022,1749)  (3023,1795)  (3042,1841)  (3044,1703)  (3061,1519)  (3061,1565)  (3061,1611)  (3061,1887)  (3061,1933)  (3064,1657)  (3068,1749)  (3069,1795)  (3088,1841)  (3090,1703)  (3107,1519)  (3107,1565)  (3107,1611)  (3107,1887)  (3107,1933)  (3110,1657)  (3114,1749)  (3115,1795)  (3134,1841)  (3136,1703)  (3153,1519)  (3153,1565)  (3153,1611)  (3153,1887)  (3153,1933)  (3156,1657)  (3160,1749)  (3161,1795)  (3180,1841)  (3182,1703)  (3199,1519)  (3199,1565)  (3199,1611)  (3199,1887)  (3199,1933)  (3202,1657)  (3206,1749)  (3207,1795)  (3226,1841)  (3228,1703)  (3245,1519)  (3245,1565)  (3245,1611)  (3245,1887)  (3245,1933)  (3248,1657)  (3252,1749)  (3253,1795)  (3272,1841)  (3274,1703)  (3291,1519)  (3291,1565)  (3291,1611)  (3291,1887)  (3291,1933)  (3294,1657)  (3298,1749)  (3299,1795)  (3318,1841)  (3320,1703)  (3337,1519)  (3337,1565)  (3337,1611)  (3337,1887)  (3337,1933)  (3340,1657)  (3344,1749)  (3345,1795)  (3364,1841)  (3366,1703)  (3383,1519)  (3383,1565)  (3383,1611)  (3383,1887)  (3383,1933)  (3386,1657)  (3390,1749)  (3391,1795)  (3410,1841)  (3412,1703)  (3429,1519)  (3429,1565)  (3429,1611)  (3429,1887)  (3429,1933)  (3432,1657)  (3436,1749)  (3437,1795)
Cuba  (249,996)
Sweden  (1037,310)  (1054,260)  (1030,358)
West US  (3172,692)  (3217,738)  (3171,738)  (3131,646)  (3177,646)  (3218,692)  (3223,641)  (3263,738)  (3263,784)  (3217,784)  (3135,600)  (3264,687)  (3181,595)  (3227,595)  (3269,641)  (3273,591)  (3309,733)  (3309,779)  (3310,687)  (3315,637)  (3319,581)  (3323,825)  (3355,733)  (3355,779)  (3356,683)  (3361,627)  (3365,581)  (3369,825)  (3401,729)  (3401,775)  (3402,673)  (3407,627)  (3411,581)  (3415,821)  (3447,719)  (3447,765)  (3448,673)  (3453,627)
Libya  (1078,952)  (1032,997)  (1032,951)  (1111,998)  (986,965)  (1110,1044)
Mongolia  (2102,538)  (2056,550)  (2056,504)  (2148,505)  (2010,548)
Syria Jordan  (1354,873)  (1388,919)  (1342,919)  (1343,827)
Peru  (165,1393)  (208,1439)  (118,1332)  (254,1420)
East Mediteranean Sea Zone  (1244,846)  (1195,854)  (1248,797)  (1296,796)  (1294,846)
Russia  (1629,334)  (1583,379)  (1583,333)  (1674,380)  (1629,288)  (1675,288)  (1675,334)  (1581,287)  (1628,425)  (1582,425)  (1537,379)  (1537,333)  (1720,380)  (1720,426)  (1674,426)  (1536,426)  (1627,242)  (1673,242)  (1719,242)  (1721,288)  (1721,334)  (1535,287)  (1554,241)  (1765,198)  (1628,471)  (1582,471)  (1691,472)  (1536,472)  (1600,196)  (1646,196)  (1692,196)  (1767,244)  (1767,290)  (1767,336)  (1738,152)  (1784,152)  (1811,198)  (1563,518)  (1517,518)  (1635,150)  (1681,150)  (1813,244)  (1813,322)  (1727,106)  (1773,106)  (1634,104)  (1680,104)  (1726,60)  (1772,60)  (1818,60)  (1634,58)  (1680,58)  (1726,14)  (1772,14)  (1818,14)  (1634,12)  (1680,12)
North Sea Zone  (579,475)  (630,473)  (681,473)  (734,473)  (579,421)  (634,421)  (582,365)  (635,365)  (582,310)  (634,311)  (581,255)  (634,256)  (583,199)  (641,201)  (695,204)  (763,216)  (760,156)  (607,138)  (669,144)  (841,146)  (904,138)  (981,141)  (605,61)  (676,80)  (738,97)  (807,90)  (878,83)  (948,78)  (1014,75)
South Europe  (968,642)  (1018,630)  (1021,681)  (1071,696)  (1073,744)  (1070,624)  (1111,587)  (1118,644)  (1145,700)
New Guinea  (2513,1372)  (2459,1345)  (2570,1394)
Okinawa  (2487,951)
Peru Sea Zone  (58,1574)  (12,1619)  (12,1573)  (103,1620)  (58,1528)  (104,1528)  (104,1574)  (10,1527)  (57,1665)  (11,1665)  (147,1666)  (56,1482)  (102,1482)  (148,1482)  (150,1528)  (150,1574)  (0,1481)  (101,1711)  (55,1711)  (9,1711)  (160,1712)  (46,1436)  (92,1436)  (0,1435)  (46,1390)  (0,1389)  (0,1343)
Panama  (36,1043)
East Indies Sea Zone  (1997,1416)  (1962,1370)  (2008,1370)  (2043,1416)  (2054,1359)  (1962,1324)  (2008,1324)  (2089,1405)  (2054,1313)  (2100,1313)  (2100,1359)  (1962,1278)  (2008,1278)  (2135,1405)  (1962,1232)  (2181,1394)
Hawaii Sea Zone  (2846,1108)  (2895,1106)  (2845,1057)  (2895,1055)  (2844,1005)  (2842,954)  (2947,1108)  (2947,1055)  (2999,1107)  (3053,1107)  (3108,1105)  (2901,904)  (2845,903)  (2954,906)  (3008,905)  (3067,905)  (3127,906)  (3137,957)  (3135,1013)  (3072,959)
South Compass Sea Zone  (1837,1914)  (1791,1953)  (1791,1907)  (1837,1868)  (1883,1868)  (1883,1914)  (1783,1861)  (1745,1953)  (1745,1907)  (1929,1860)  (1929,1906)  (1929,1952)  (1737,1861)
Argentina-Chile  (281,1553)  (235,1598)  (235,1552)  (281,1507)  (327,1536)  (233,1506)  (226,1644)  (216,1690)
French Indo China Sea Zone  (2158,1182)  (2133,1228)  (2164,1136)  (1972,1111)
Kenya-Rhodesia  (1292,1392)  (1246,1437)  (1246,1391)  (1330,1438)  (1292,1346)  (1338,1346)  (1338,1392)  (1284,1483)  (1238,1483)  (1200,1437)  (1277,1300)  (1281,1529)  (1235,1529)  (1312,1254)
Saudi Arabia  (1499,1002)  (1453,1047)  (1453,1001)  (1534,1048)  (1499,956)  (1545,956)  (1545,1002)  (1451,955)  (1488,1093)  (1407,1016)  (1497,910)
Alaska Sea Zone  (2855,450)  (2809,467)  (2901,408)  (2901,454)  (2763,467)  (2763,385)  (2743,339)  (2768,292)  (2855,39)
Solomon Islands Sea Zone  (2647,1278)  (2647,1324)  (2647,1397)  (2647,1443)  (2693,1277)  (2693,1323)  (2693,1437)  (2702,1162)  (2702,1208)  (2737,1369)  (2739,1254)  (2739,1300)  (2739,1455)  (2748,1161)  (2748,1207)  (2783,1346)  (2785,1253)  (2785,1299)  (2785,1468)  (2790,1392)  (2794,1161)  (2794,1207)  (2829,1345)  (2831,1253)  (2831,1299)  (2831,1438)  (2836,1391)
China  (2123,737)  (2077,782)  (2077,736)  (2153,783)  (2123,691)  (2075,690)  (2107,828)  (2121,645)
Japan  (2470,742)  (2520,714)  (2538,665)  (2539,614)  (2540,559)  (2417,762)  (2591,525)
Caroline Islands  (2592,1132)
West Canada Sea Zone  (2986,467)  (2958,421)
Gulf of Mexico Sea Zone  (3449,950)  (3449,910)  (3449,870)  (3449,990)  (3423,970)  (3423,930)  (3423,890)