SZ 1 Atlantic Ocean  (340,1119)  (294,1164)  (294,1118)  (385,1165)  (340,1073)  (386,1073)  (386,1119)  (292,1072)  (339,1210)  (293,1210)  (248,1164)  (248,1118)  (431,1165)  (431,1211)  (385,1211)  (247,1211)  (338,1027)  (384,1027)  (430,1027)  (432,1073)  (432,1119)  (247,1026)  (339,1256)  (293,1256)  (439,1257)  (393,1257)  (247,1257)
SZ 2 Atlantic Ocean  (232,834)  (186,879)  (186,833)  (277,880)  (232,788)  (278,788)  (278,834)  (184,787)  (231,925)  (185,925)  (281,926)  (230,742)  (276,742)  (164,741)
SZ 3 Atlantic Ocean  (62,838)  (16,883)  (16,837)  (107,884)  (62,792)  (108,792)  (108,838)  (14,791)  (61,929)  (15,929)  (115,930)  (60,746)  (106,746)  (4,745)
SZ 4 Atlantic Ocean  (45,590)  (90,636)  (44,636)  (4,544)  (50,544)  (91,590)  (96,539)  (115,682)  (69,682)  (23,682)  (4,498)  (50,498)  (96,493)
SZ 5 Atlantic Ocean  (233,590)  (187,635)  (187,589)  (278,636)  (233,544)  (279,544)  (279,590)  (185,543)  (232,681)  (186,681)  (281,682)  (231,498)  (277,498)  (164,497)
SZ 6 Atlantic Ocean  (60,384)  (14,429)  (14,383)  (105,430)  (60,338)  (106,338)  (106,384)  (12,337)
SZ 7 Atlantic Ocean  (229,385)  (183,430)  (183,384)  (274,431)  (229,339)  (275,339)  (275,385)  (181,338)
SZ 8 Atlantic Ocean  (391,389)  (345,434)  (345,388)  (436,435)  (391,343)  (437,343)  (437,389)  (343,342)
SZ 9 Atlantic Ocean  (397,222)  (351,267)  (351,221)  (439,268)  (397,176)  (349,175)
SZ 10 Atlantic Ocean  (221,228)  (175,273)  (175,227)  (266,274)  (221,182)  (267,182)  (267,228)  (173,181)
SZ 11 Atlantic Ocean  (63,224)  (17,269)  (17,223)  (108,270)  (63,178)  (109,178)  (109,224)  (15,177)
SZ 12 Atlantic Ocean  (69,57)  (23,102)  (23,56)  (114,103)  (69,11)  (115,11)  (115,57)  (21,10)
SZ 13 Atlantic Ocean  (230,58)  (184,103)  (184,57)  (275,104)  (230,12)  (276,12)  (276,58)  (182,11)
SZ 14 Atlantic Ocean  (392,63)  (346,108)  (346,62)  (437,109)  (392,17)  (438,17)  (438,63)  (344,16)
SZ 15 Atlantic Ocean  (553,58)  (507,103)  (507,57)  (598,104)  (553,12)  (599,12)  (599,58)  (505,11)
SZ 16 Atlantic Ocean  (564,294)  (605,340)  (559,340)  (522,248)  (568,248)  (605,386)  (559,386)  (522,202)  (568,202)  (605,432)  (559,432)
SZ 17 Atlantic Ocean  (566,636)  (605,682)  (559,682)  (522,590)  (568,590)  (605,728)  (559,728)  (522,544)  (568,544)  (522,498)  (568,498)
SZ 18 Atlantic Ocean  (421,576)  (375,616)  (375,570)  (421,530)  (467,530)  (467,576)
SZ 19 Atlantic Ocean  (414,721)  (368,766)  (368,720)  (459,767)  (414,675)  (460,675)  (460,721)  (366,674)
SZ 20 Atlantic Ocean  (414,866)  (368,898)  (368,852)  (414,820)  (460,820)  (460,866)
SZ 21 Atlantic Ocean  (594,859)  (548,898)  (548,852)  (640,817)  (640,863)
SZ 22 Atlantic Ocean  (743,818)  (697,863)  (697,817)  (778,864)  (743,772)  (695,771)  (741,726)  (693,725)
SZ 23 Atlantic Ocean  (746,590)  (700,635)  (700,589)  (778,636)  (746,544)  (698,543)  (744,498)  (693,497)
SZ 24 North Atlantic  (849,383)  (803,428)  (803,382)  (894,429)  (849,337)  (895,337)  (895,383)  (801,336)  (757,440)  (757,394)  (940,429)  (941,331)  (941,377)  (755,348)  (711,440)  (711,394)  (986,423)  (987,331)  (987,377)  (709,348)  (1033,331)  (1033,377)  (1079,331)
SZ 25 Greenland Sea  (814,234)  (768,279)  (768,233)  (859,280)  (814,188)  (860,188)  (860,234)  (766,187)  (722,281)  (722,235)  (812,142)  (858,142)  (720,189)  (720,143)  (766,141)  (693,97)  (812,96)  (858,96)  (739,95)  (693,51)  (785,50)  (831,50)  (877,50)  (739,49)  (693,5)  (785,4)  (831,4)  (877,4)
SZ 26 Norwegian Sea  (1034,136)  (988,181)  (988,135)  (1079,182)  (1034,90)  (1080,90)  (1080,136)  (986,89)  (1033,227)  (987,227)  (942,181)  (942,135)  (1125,182)  (1125,228)  (1079,228)  (941,228)  (1032,44)  (1078,44)  (1124,44)  (1126,90)  (1126,136)  (940,89)  (940,43)  (986,43)  (1033,273)  (987,273)  (1128,274)  (1082,274)  (941,274)
SZ 27 Norwegian Sea  (1304,68)  (1258,113)  (1258,67)  (1349,114)  (1304,22)  (1350,22)  (1350,68)  (1256,21)  (1212,145)  (1212,99)  (1395,114)  (1396,4)  (1396,50)  (1210,53)  (1210,7)
SZ 28 Norwegian Sea  (1569,66)  (1523,111)  (1523,65)  (1614,112)  (1569,20)  (1615,20)  (1615,66)  (1521,19)  (1477,145)  (1477,99)  (1475,53)  (1475,7)
SZ 29 Norwegian Sea  (1813,64)  (1767,109)  (1767,63)  (1858,110)  (1813,18)  (1859,18)  (1859,64)  (1765,17)  (1721,145)  (1721,99)  (1905,4)  (1905,50)  (1719,53)  (1719,7)  (1951,4)
SZ 30 Baltic Sea  (1989,547)  (2000,501)  (2011,455)  (2005,409)  (2000,363)  (1942,535)  (1946,581)  (2002,587)  (2015,312)
SZ 31 Gulf of Bothnia  (2073,550)  (2064,504)  (2064,292)  (2111,230)  (2174,481)  (2130,581)  (2118,495)  (2060,445)  (2061,387)  (2061,341)  (2076,587)
SZ 32 Baltic Sea  (2029,691)  (2030,737)  (1991,645)  (2037,645)  (1985,699)  (1988,745)  (2062,712)  (2071,644)
SZ 33 Baltic Sea  (1887,679)  (1841,696)  (1932,725)  (1933,646)  (1792,692)  (1841,648)  (1887,723)  (1933,682)  (1743,701)
SZ 34 Skagerrak  (1631,517)  (1585,562)  (1585,516)  (1677,514)  (1584,470)  (1723,501)  (1584,424)  (1741,547)
SZ 35 Helgoland Bight  (1565,665)  (1519,710)  (1519,664)  (1611,632)  (1611,678)  (1568,711)  (1520,629)  (1566,631)  (1614,713)
SZ 36 North Sea  (1430,752)  (1384,797)  (1450,706)  (1345,799)  (1450,660)  (1425,791)  (1464,630)  (1365,840)
SZ 37 North Sea  (1471,492)  (1425,537)  (1425,491)  (1516,538)  (1471,446)  (1517,446)  (1517,492)  (1423,445)  (1470,583)  (1424,583)
SZ 38 Norwegian Sea  (1561,274)  (1515,319)  (1515,273)  (1606,320)  (1561,228)  (1607,228)  (1607,274)  (1513,227)  (1560,365)  (1514,365)  (1469,319)  (1469,273)  (1468,366)  (1653,194)  (1653,240)  (1467,227)  (1423,320)  (1423,274)  (1699,194)  (1421,228)  (1745,194)
SZ 39 North Atlantic  (1226,250)  (1180,295)  (1180,249)  (1271,296)  (1226,204)  (1272,204)  (1272,250)  (1178,203)  (1225,341)  (1179,341)  (1271,342)  (1318,194)  (1318,240)  (1318,286)  (1133,373)  (1225,387)  (1179,387)  (1133,419)  (1087,420)  (1041,465)  (1040,511)
SZ 40 North Atlantic  (913,593)  (867,638)  (867,592)  (958,639)  (913,547)  (959,547)  (959,593)  (867,546)  (912,684)  (968,685)  (913,501)  (959,501)  (867,500)
SZ 41 Irish Sea  (1054,690)  (1090,736)  (1044,736)  (1100,647)  (1136,693)  (1146,647)
SZ 42 English Channel  (1198,833)  (1152,871)  (1152,825)  (1216,879)  (1198,787)  (1244,802)  (1143,779)  (1262,848)  (1308,866)
SZ 43 North Atlantic  (971,844)  (925,889)  (925,843)  (1016,890)  (971,798)  (1017,798)  (1017,844)  (923,797)  (879,933)  (879,887)  (1062,890)  (1063,791)  (1063,837)  (877,841)  (877,795)
SZ 44 Bay of Biscay  (1054,1083)  (1008,1128)  (1008,1082)  (1099,1129)  (1054,1037)  (1100,1037)  (1100,1083)  (1006,1036)  (1053,1174)  (1145,1129)  (1145,1175)  (1099,1175)  (1052,991)  (1098,991)  (1146,1029)  (1146,1075)  (972,990)
SZ 45 North Atlantic  (699,1117)  (653,1162)  (653,1116)  (744,1163)  (699,1071)  (745,1071)  (745,1117)  (651,1070)  (698,1208)  (652,1208)  (607,1162)  (607,1116)  (790,1163)  (790,1209)  (744,1209)  (606,1209)  (697,1025)  (743,1025)  (789,1025)  (791,1071)  (791,1117)  (605,1070)  (605,1024)  (651,1024)  (835,982)  (561,1163)  (561,1117)  (836,1163)  (836,1209)  (560,1243)  (837,1028)  (837,1074)  (559,1071)  (559,1025)  (881,982)  (883,1028)  (883,1074)
SZ 46 Mid Atlantic  (659,1447)  (613,1492)  (613,1446)  (704,1493)  (659,1401)  (705,1401)  (705,1447)  (611,1400)  (658,1538)  (612,1538)  (567,1492)  (567,1446)  (733,1539)  (566,1539)  (657,1355)  (703,1355)  (749,1355)  (751,1451)  (565,1400)  (565,1354)  (611,1354)  (779,1556)  (687,1584)  (641,1584)  (733,1585)  (595,1585)  (549,1585)  (657,1309)  (703,1309)  (749,1309)  (522,1308)  (568,1308)  (795,1307)
SZ 47 Strait of Gibraltar  (896,1668)  (850,1683)  (833,1637)  (938,1706)  (804,1694)
SZ 48 West Mediterranean  (1104,1685)  (1058,1730)  (1058,1684)  (1137,1731)  (1104,1639)  (1150,1639)  (1150,1685)  (1012,1723)  (1012,1677)  (1196,1621)  (1196,1667)
SZ 49 Balearic Sea  (1238,1515)  (1192,1560)  (1192,1514)  (1283,1561)  (1238,1469)  (1284,1483)
SZ 50 Gulf of Lyon  (1400,1414)  (1354,1455)  (1354,1409)  (1445,1460)  (1446,1384)  (1348,1363)
SZ 51 Ligurian Sea  (1539,1346)  (1509,1373)  (1584,1414)  (1585,1463)  (1496,1445)
SZ 52 Balearic Sea  (1449,1547)  (1403,1572)  (1403,1526)  (1356,1513)  (1357,1566)
SZ 53 West Mediterranean  (1357,1643)  (1311,1664)  (1403,1621)  (1265,1678)  (1265,1632)
SZ 54 Tyrrhenian Sea  (1560,1648)  (1514,1670)  (1606,1665)  (1482,1623)  (1706,1662)
SZ 55 Tyrrhenian Sea  (1705,1615)  (1761,1626)  (1695,1625)  (1647,1623)  (1620,1581)
SZ 56 Central Mediterranean  (1682,1786)  (1636,1804)  (1636,1758)  (1728,1791)  (1739,1837)  (1774,1776)
SZ 57 Ionian Sea  (1907,1707)  (1861,1752)  (1861,1706)  (1952,1753)  (1907,1661)  (1953,1678)  
SZ 58 Adriatic Sea  (1882,1540)  (1868,1494)  (1820,1481)  (1804,1433)  (1754,1414)  (1852,1447)  (1775,1448)  (1737,1387)  (1800,1408)
SZ 59 Adriatic Sea  (1711,1320)  (1740,1349)  (1691,1279)  (1680,1322)  (1737,1302)
SZ 60 Black Sea  (2318,1306)  (2272,1333)  (2429,1333)  (2465,1232)  (2475,1305)  (2521,1315)
SZ 61 Black Sea  (2500,1395)  (2454,1407)  (2546,1382)  (2408,1414)  (2592,1382)  (2362,1429)  (2362,1383)  (2638,1382)
SZ 62 Black Sea  (2225,1416)  (2241,1378)  (2294,1381)  (2296,1419)  (2269,1420)  (2313,1454)  (2210,1440)  (2210,1375)  (2320,1381)
SZ 63 Aegean Sea  (2123,1604)  (2121,1552)  (2071,1597)  (2108,1653)  (2165,1655)
SZ 64 Sea of Crete  (2181,1733)  (2135,1761)  (2135,1715)  (2227,1728)  (2089,1766)  (2089,1720)  (2273,1729)
SZ 65 East Mediterranean  (2436,1699)  (2362,1708)  (2427,1761)  (2360,1779)  (2399,1809)
SZ 66 East Mediterranean  (2246,1839)  (2200,1842)  (2292,1814)  (2154,1837)  (2338,1840)  (2108,1825)  (2062,1819)
SZ 67 Red Sea  (2579,2393)  (2612,2439)  (2550,2347)  (2633,2485)  (2520,2301)  (2511,2255)  (2500,2209)   
SZ 68 Persian Gulf  (2982,1956)  (2936,2001)  (2936,1955)  (3028,1946)  (3064,1992)  (2890,1961)  (2890,1915)  (3110,1973)  (3110,2019)  (2844,1925)  (2844,1879)  (3156,1991)
SZ 69 Arabian Sea  (3145,2344)  (3099,2389)  (3099,2343)  (3190,2390)  (3145,2298)  (3191,2298)  (3191,2344)  (3097,2297)  (3144,2435)  (3098,2435)  (3053,2389)  (3053,2343)  (3236,2390)  (3236,2436)  (3190,2436)  (3052,2436)  (3143,2252)  (3189,2252)  (3235,2252)  (3237,2298)  (3237,2344)  (3051,2297)  (3079,2251)  (3281,2208)  (3144,2481)  (3098,2481)  (3007,2390)  (3007,2344)  (3282,2390)  (3282,2436)  (3282,2482)  (3236,2482)  (3190,2482)  (3052,2482)  (3006,2482)  (3006,2436)  (3125,2206)  (3171,2206)  (3217,2206)  (3283,2254)  (3283,2300)  (3263,2162)  (3144,2527)  (3098,2527)  (2961,2390)  (2961,2344)  (3298,2528)  (3252,2528)  (3206,2528)  (3052,2528)  (3006,2528)  (2960,2528)  (2960,2482)  (2960,2436)  (3135,2160)  (3181,2160)  (3227,2116)  (3273,2116)  (2915,2390)  (2914,2529)  (2914,2483)  (2914,2437)  (3155,2114)  (3201,2070)  (3247,2070)  (3293,2070)  (2868,2529)  (2868,2483)  (2868,2437)  (3226,2024)  (2822,2529)  (2822,2483)  (2776,2529)  (2776,2483)
SZ 70 Indian Ocean  (2207,2297)  (2206,2241)  (2210,2354)  (2214,2415)
SZ 71 Mozambique Channel  (2216,2532)
SZ 72 South Atlantic  (1597,2474)  (1634,2520)  (1588,2520)  (1582,2428)
SZ 73 South Atlantic  (1577,2270)  (1580,2334)  (1571,2206)
SZ 74 Gulf of Guinea  (1226,2470)  (1221,2413)  (1226,2525)
SZ 75 Mid Atlantic  (651,1744)  (605,1789)  (605,1743)  (696,1790)  (651,1698)  (697,1698)  (697,1744)  (603,1697)  (559,1819)  (559,1773)  (742,1790)  (743,1668)  (743,1714)  (557,1727)  (557,1681)  (788,1760)
SZ 76 Mid Atlantic  (361,1743)  (315,1788)  (315,1742)  (406,1789)  (361,1697)  (407,1697)  (407,1743)  (313,1696)  (269,1819)  (269,1773)  (452,1789)  (453,1668)  (453,1714)  (267,1727)  (267,1681)
SZ 77 South Atlantic  (96,1740)  (50,1785)  (50,1739)  (141,1786)  (96,1694)  (142,1694)  (142,1740)  (48,1693)  (4,1818)  (4,1772)
SZ 78 Easter Island  (3501,260)  (3455,301)  (3455,255)  (3547,220)  (3547,266)
SZ 79 Samoa  (3508,396)  (3462,437)  (3462,391)  (3508,350)  (3547,434)
SZ 80 Solomon Sea  (3499,532)  (3453,574)  (3453,528)  (3545,487)  (3545,533)
SZ 81 Bismarck Sea  (3498,668)  (3452,710)  (3452,664)  (3544,623)  (3544,669)
SZ 82 Coral Sea  (3502,809)  (3456,854)  (3456,808)  (3502,763)  (3548,763)  (3548,809)  (3454,762)  (3455,900)
SZ 83 Mariana Islands  (3324,730)  (3278,775)  (3278,729)  (3369,776)  (3324,684)  (3370,684)  (3370,730)  (3276,683)
SZ 84 Caroline Islands  (3326,566)  (3280,611)  (3280,565)  (3371,612)  (3372,525)
SZ 85 Marshall Islands  (3322,414)  (3276,459)  (3276,413)  (3367,460)  (3368,373)
SZ 86 Pacific Ocean  (3328,265)  (3282,310)  (3282,264)  (3373,311)  (3374,220)
SZ 87 Gulf of Alaska  (3122,285)  (3076,324)  (3076,278)  (3122,239)  (3168,239)  (3168,285)  (3068,232)
SZ 88 Bering Sea  (3124,429)  (3078,474)  (3078,428)  (3169,475)  (3124,383)  (3170,383)  (3170,429)  (3076,382)
SZ 89 Sea of Japan  (3197,575)  (3193,524)  (3195,628)  (3141,638)  (3137,516)
SZ 90 Yellow Sea  (3133,722)  (3087,767)  (3087,721)  (3178,768)  (3133,676)  (3179,676)  (3179,722)
SZ 91 East China Sea  (3128,885)  (3082,930)  (3082,884)  (3173,931)  (3128,839)  (3174,839)  (3174,885)  (3080,838)
SZ 92 South China Sea  (3322,884)  (3276,929)  (3276,883)  (3367,930)  (3322,838)  (3368,838)  (3368,884)  (3274,837)
SZ 93 Sulu Sea  (3353,1075)  (3307,1120)  (3307,1074)  (3398,1121)  (3353,1029)  (3399,1029)  (3399,1075)  (3305,1028)
SZ 94 Arafura Sea  (3508,1090)  (3462,1135)  (3462,1089)  (3549,1136)  (3460,1043)  (3449,997)
SZ 95 Timor Sea  (3508,1285)  (3462,1330)  (3462,1284)  (3549,1331)  (3508,1239)  (3460,1238)
SZ 96 Celebes Sea  (3354,1280)  (3308,1325)  (3308,1279)  (3399,1326)  (3354,1234)  (3306,1233)
SZ 97 Java Sea  (3356,1504)  (3310,1549)  (3310,1503)  (3399,1550)  (3356,1458)  (3308,1457)  (3354,1412)  (3297,1411)
SZ 98 Flores Sea  (3507,1495)  (3461,1540)  (3461,1494)  (3549,1541)  (3507,1449)  (3459,1448)
SZ 99 Bay of Bengal  (3430,1641)  (3384,1666)  (3476,1623)  (3338,1666)  (3522,1623)
SZ 100 Indian Ocean  (3472,2334)  (3426,2379)  (3426,2333)  (3517,2380)  (3472,2288)  (3518,2288)  (3518,2334)  (3424,2287)  (3471,2425)  (3425,2425)  (3380,2379)  (3380,2333)  (3549,2426)  (3379,2426)  (3470,2242)  (3516,2242)  (3378,2287)  (3378,2241)  (3424,2241)  (3503,2471)  (3457,2471)  (3549,2472)  (3411,2472)  (3365,2472)  (3470,2196)  (3516,2196)  (3347,2195)  (3393,2195)  (3503,2517)  (3457,2517)  (3549,2518)  (3411,2518)  (3365,2518)  (3439,2150)  (3485,2150)  (3531,2150)  (3347,2149)  (3393,2149)  (3439,2104)  (3485,2104)  (3347,2103)  (3393,2103)  (3347,2057)

Aachen  (1069,2026)  (1075,2072)  (1063,1980)  (1075,2117)  (1078,1949)
Adamawa  (1348,2238)  (1336,2284)  (1389,2213)
Aisne River  (194,2392)  (148,2417)  (240,2350)  (240,2396)  (135,2377)
al-Hasa  (2678,1872)  (2768,1941)  (2828,1992)  (2696,1918)  (2671,1813)  (2627,1864)  (2870,2045)  (2803,1969)
Albania  (1945,1517)  (1944,1582)  (1936,1449)  (1932,1489)  (1938,1546)
Alexandria  (2256,1937)  (2251,1890)  (2281,1965)  (2325,1973)
Algeria  (1320,1806)  (1274,1851)  (1274,1805)  (1365,1852)  (1320,1760)  (1366,1760)  (1366,1806)  (1272,1759)  (1319,1897)  (1273,1897)  (1228,1851)  (1228,1805)  (1411,1852)  (1411,1898)  (1365,1898)  (1227,1898)  (1412,1728)  (1412,1774)  (1226,1759)  (1319,1943)  (1273,1943)  (1182,1819)  (1457,1874)  (1457,1920)  (1411,1944)  (1365,1944)  (1227,1944)  (1136,1819)  (1090,1819)
Alsace  (1147,2457)  (1172,2503)  (1126,2503)  (1122,2411)  (1168,2411)  (1122,2365)  (1168,2365)
Amiens  (44,2065)  (89,2111)  (43,2111)  (8,2019)  (54,2019)  (90,2065)
Anatolia  (2330,1574)  (2277,1590)  (2231,1589)  (2332,1536)  (2165,1525)  (2184,1573)  (2178,1487)
Ankara  (2447,1490)  (2401,1535)  (2401,1489)  (2493,1484)  (2539,1484)  (2485,1521)  (2582,1478)  (2539,1524)  (2448,1534)
Antwerp  (720,1954)  (690,1953)  (760,1951)
ANZAC  (3507,963)  (3519,914)  (3525,1013)  (3546,962)
Apulia  (1789,1520)  (1843,1551)  (1771,1492)  (1823,1539)
Aquitaine  (1233,1213)  (1237,1259)  (1242,1167)  (1243,1115)  (1183,1246)
Arabian Desert  (2733,2124)  (2687,2169)  (2687,2123)  (2778,2170)  (2733,2078)  (2779,2078)  (2779,2124)  (2685,2077)  (2732,2215)  (2686,2215)  (2641,2169)  (2641,2123)  (2824,2170)  (2824,2216)  (2778,2216)  (2731,2032)  (2777,2032)  (2825,2080)  (2639,2077)  (2639,2031)  (2685,2031)  (2732,2261)  (2686,2261)  (2870,2126)  (2870,2172)  (2870,2218)  (2790,2262)  (2593,2066)  (2593,2020)  (2639,1985)  (2685,1985)  (2582,1974)  (2726,2307)  (2916,2115)  (2916,2161)  (2628,1939)  (2542,1928)  (2962,2115)  (2962,2161)  (3008,2115)
Aral Sea  (3185,1155)
Arkhangelsk  (2670,208)  (2624,253)  (2624,207)  (2715,254)  (2670,162)  (2716,162)  (2716,208)  (2622,161)  (2669,299)  (2623,299)  (2578,253)  (2578,207)  (2761,254)  (2761,300)  (2715,300)  (2577,300)  (2668,116)  (2714,116)  (2760,116)  (2762,162)  (2762,208)  (2576,161)  (2806,72)  (2623,345)  (2532,254)  (2807,254)  (2807,300)  (2807,346)  (2761,346)  (2808,118)  (2808,164)  (2530,175)  (2803,26)  (2849,26)  (2852,72)  (2486,246)  (2853,210)  (2853,256)  (2853,302)  (2853,348)  (2807,392)  (2761,392)  (2854,118)  (2854,164)  (2855,394)  (2895,4)  (2898,50)  (2899,210)  (2899,256)  (2899,302)  (2899,348)  (2809,438)  (2763,438)  (2900,96)  (2900,142)  (2901,394)  (2901,440)  (2855,440)  (2941,4)  (2944,50)  (2945,188)  (2945,234)  (2945,280)  (2945,326)  (2809,484)  (2763,484)  (2946,96)  (2946,142)  (2947,372)  (2947,418)  (2947,464)  (2901,486)  (2855,486)  (2987,4)  (2990,50)  (2991,188)  (2991,234)  (2991,280)  (2991,326)  (2809,530)  (2763,530)  (2992,96)  (2992,142)  (2993,372)  (2993,418)  
Ardennes Forest  (1047,2207)  (1033,2161)  (1016,2252)  (1085,2206)  (1014,2207)  (1058,2251)
Argonne Forest  (682,2391)  (656,2348)  (646,2404)  (691,2351)  (710,2405)  (715,2376)
Armenia  (2674,1497)  (2664,1543)  (2670,1451)  (2712,1434)  (2716,1513)  (2628,1468)  (2626,1514)  (2631,1572)
Arras  (183,2094)  (135,2097)  (130,2138)  (156,2123)
Astrakhan  (2735,1084)  (2689,1129)  (2689,1083)  (2780,1130)  (2735,1038)  (2781,1038)  (2781,1084)  (2687,1037)  (2734,1175)  (2688,1175)  (2787,1176)  (2642,1176)  (2733,992)  (2779,992)  (2825,992)  (2827,1038)  (2667,991)  (2871,989)  (2824,1222)  (2778,1222)  (2713,946)  (2759,946)  (2873,1035)  (2659,945)
Austria  (1780,1121)  (1790,1170)  (1794,1067)  (1849,1047)  (1767,1093)  (1767,1153)
Baghdad  (2683,1725)  (2637,1725)  (2696,1771)  (2729,1699)  (2746,1745)  (2632,1687)  (2772,1724)  (2687,1695)
Bar-le-Duc  (686,2484)  (640,2480)  (732,2495)  (671,2438)  (680,2524)  (765,2520)
Baranya  (1914,1288)  (1953,1302)  (1939,1264)  (1879,1274)  (1916,1321)
Barents Sea  (2492,46)  (2446,18)  (2480,92)  (2538,38)  (2688,4)
Basra  (2775,1793)  (2811,1823)  (2732,1803)  (2809,1772)  (2780,1820)  (2773,1768)
Bastogne  (925,2240)  (879,2285)  (957,2194)  (967,2252)  (922,2288)  (884,2240)  (990,2162)
Bavaria  (1691,1011)  (1737,1005)  (1644,992)  (1652,1047)  (1692,980)  (1766,1042)  (1688,1050)  (1744,978)
Bechuanaland  (1877,2196)  (1877,2263)  (1879,2125)  (1881,2235)  (1880,2167)  (1880,2091)
Belgian Congo  (1926,2391)  (1918,2329)  (1915,2283)  (1908,2225)
Belgrade  (1970,1378)  (1960,1340)  (1998,1343)  (1996,1378)
Berlin  (1784,882)  (1760,838)  (1792,801)  (1836,823)  (1827,871)  (1800,846)  (1765,806)  (1833,800)  (1756,881)
Bertoua  (1529,2456)  (1530,2502)  (1517,2410)  (1497,2524)  (1533,2359)
Bohemia  (1831,988)  (1877,1016)  (1783,966)  (1786,1020)  (1920,1008)  (1832,958)  (1838,1024)
Bosnia-Herzegovina  (1859,1347)  (1825,1314)  (1880,1379)  (1831,1347)  (1896,1349)
British Somaliland  (2557,2529)
Brittany  (1186,965)  (1137,933)  (1235,969)  (1245,1015)  (1213,1054)
Brussels  (831,2069)  (826,2028)  (874,2019)  (878,2067)  (847,2046)
Bulgaria  (2122,1432)  (2076,1436)  (2158,1386)  (2089,1390)  (2127,1480)
Burgundy  (173,2495)  (127,2526)  (127,2480)  (219,2464)  (219,2510)  (81,2526)  (81,2480)  (265,2464)  (265,2510)  (35,2526)  (35,2480)  (311,2465)  (311,2511)  (357,2469)  (357,2515)
Cairo  (2358,1925)  (2315,1922)  (2315,1905)  (2345,1905)
Cambrai  (483,2147)  (485,2116)  (529,2106)  (525,2148)
Canada  (87,1116)  (41,1161)  (41,1115)  (132,1162)  (87,1070)  (133,1070)  (133,1116)  (39,1069)  (86,1207)  (40,1207)  (178,1162)  (178,1208)  (132,1208)  (85,1024)  (131,1024)  (177,1024)  (179,1070)  (179,1116)  (4,1023)  (86,1253)  (40,1253)  (198,1254)  (152,1254)
Carinthia  (1711,1169)  (1684,1159)  (1750,1187)  (1745,1149)
Carpathia  (1949,1072)  (2002,1070)  (2056,1100)  (1907,1066)  (2076,1129)  (2029,1081)
Caspian Sea  (2989,1287)  (2943,1264)  (3005,1333)  (2918,1218)  (3030,1379)  (2984,1379)  (2873,1172)  (2919,1142)  (2867,1126)  (2965,1120)
Caucasus  (2730,1312)  (2684,1311)  (2775,1358)  (2729,1358)  (2776,1290)  (2682,1265)  (2821,1336)  (2636,1301)  (2636,1255)  (2867,1303)  (2590,1275)  (2590,1229)  (2544,1260)  (2544,1214)
Chad  (1530,2272)  (1541,2223)  (1537,2174)  (1537,2123)  (1503,2243)
Champagne  (513,2356)  (467,2358)  (558,2402)  (421,2353)  (604,2357)  (604,2403)  (409,2307)
Chateau-Thierry  (412,2417)  (366,2418)  (458,2422)  (501,2439)  (330,2419)
Cologne  (1151,2118)  (1172,2164)  (1126,2164)  (1122,2072)  (1168,2072)  (1172,2210)  (1122,2026)  (1168,2026)  (1126,2250)  (1172,2256)  (1122,1980)  (1168,1980)  (1126,2296)
Compeigne  (168,2283)  (177,2320)  (138,2328)  (127,2284)
Cornwall  (1273,719)  (1224,726)  (1169,729)  (1309,745)  (1134,735)
Corsica  (1545,1426)
Crete  (2198,1798)
Crimea  (2452,1065)  (2406,1081)  (2406,1035)  (2497,1111)  (2452,1019)  (2498,1019)  (2498,1065)  (2451,1127)  (2360,1070)  (2360,1024)  (2543,1111)  (2544,976)  (2544,1022)  (2405,1171)  (2314,1057)  (2314,1011)  (2589,1068)  (2590,959)  (2590,1005)  (2346,1219)  (2268,1022)  (2268,976)
Croatia-Dalmatia  (1814,1259)  (1769,1291)  (1795,1356)  (1819,1220)  (1834,1393)  (1783,1262)  (1779,1325)
Cyprus  (2395,1745)
Cyrenaica  (1912,1916)  (1866,1961)  (1866,1915)  (1957,1962)  (1912,1870)  (1958,1870)  (1958,1916)  (1820,1963)
Dar es Salaam  (2147,2352)  (2113,2379)  (2139,2317)  (2174,2376)  (2180,2337)
Denmark  (1704,609)
Douala  (1294,2449)  (1315,2403)  (1273,2493)  (1319,2495)
East Prussia  (2010,808)  (2056,809)  (1964,822)  (2099,790)  (2116,742)  (1912,823)  (1910,870)
Escaut River  (417,2089)  (367,2096)  (404,2133)  (403,2050)  (460,2062)  (444,2131)  (549,2080)
Ethiopia  (2456,2438)  (2410,2483)  (2410,2437)  (2501,2484)  (2456,2392)  (2502,2397)  (2408,2391)  (2455,2529)  (2409,2529)  (2364,2483)  (2363,2529)  (2454,2346)
Finland  (2175,347)  (2129,392)  (2129,346)  (2220,393)  (2175,301)  (2221,301)  (2221,347)  (2157,438)  (2167,255)  (2213,255)  (2188,209)  (2170,163)  (2216,163)  (2167,117)  (2213,117)  (2197,71)
Flanders  (86,1979)  (3,1977)  (41,1977)  (5,1947)  (45,1950)  (90,1946)
French Morocco  (925,1810)  (879,1819)  (971,1800)
Galicia  (2087,1039)  (2041,1023)  (2121,1085)  (1985,1014)  (2129,1134)  (2123,1035)  (2075,1074)
Garoua  (1418,2311)  (1372,2354)  (1398,2265)  (1464,2293)  (1464,2339)
German S. Pacific  (3413,595)  (3413,643)  (3461,595)  (3461,643)
Gibraltar  (900,1608)
Giza  (2132,1918)  (2086,1963)  (2086,1917)  (2178,1893)  (2178,1939)
Ghent  (538,1984)  (492,2021)  (544,2030)  (584,1956)  (630,1956)  (437,2011)  (488,1975)  (597,1999)
Gobabis  (1814,2238)  (1785,2279)  (1832,2202)  (1836,2270)  (1789,2213)
Greece  (2010,1633)  (1997,1587)  (2020,1524)  (2077,1523)  (2007,1698)  (2050,1665)  (1996,1548)  (2046,1712)
Guise  (633,2134)  (587,2179)  (587,2133)  (641,2180)  (600,2087)  (687,2150)
Hanover  (1641,785)  (1653,828)  (1686,787)  (1596,783)  (1662,740)  (1602,753)  (1668,690)  (1610,826)
Hejaz  (2546,2136)  (2501,2090)  (2568,2182)  (2479,2044)  (2583,2228)  (2456,1998)  (2593,2274)  (2671,2356)
Hungary  (1955,1188)  (1910,1225)  (1978,1134)  (2027,1139)  (1994,1181)  (1860,1213)  (1951,1230)  (1945,1147)
India  (3504,1964)  (3458,2009)  (3458,1963)  (3549,2010)  (3504,1918)  (3456,1917)  (3412,2007)  (3502,1872)  (3548,1872)  (3410,1961)  (3444,1871)  (3490,1826)  (3536,1826)  (3444,1825)  (3395,1789)  (3490,1780)  (3536,1780)  (3441,1779)
Ireland  (1125,544)  (1079,589)  (1128,590)  (1168,516)  (1099,503)  (1206,487)
Istanbul  (2231,1525)  (2231,1477)  (2278,1476)  (2267,1545)  (2306,1511)  (2268,1510)
Istria  (1729,1269)  (1725,1229)  (1762,1238)  (1773,1211)  (1734,1207)
Japan  (3052,546)  (3075,545)  
Juvigny  (494,2285)  (539,2304)  (521,2244)  (581,2314)  (626,2312)
Kalahari Desert  (1829,2361)  (1783,2406)  (1874,2407)
Kaokoland  (1660,2121)  (1614,2115)  (1683,2167)  (1646,2191)  (1702,2111)
Kano  (1294,2122)  (1248,2163)  (1248,2117)  (1339,2168)  (1340,2088)
Karas  (1701,2431)  (1655,2438)  (1739,2477)  (1785,2471)  (1680,2394)
Karelia  (2365,300)  (2319,345)  (2319,299)  (2410,346)  (2365,254)  (2411,269)  (2317,253)  (2456,315)  (2288,207)  (2282,161)  (2379,102)  (2356,56)  (2264,52)  (2310,30)
Kaukau Veld  (1794,2119)  (1750,2129)  (1831,2094)  (1790,2158)  (1836,2149)  (1771,2084)
Kazan  (2884,758)  (2838,803)  (2838,757)  (2929,804)  (2884,712)  (2930,712)  (2930,758)  (2836,711)  (2883,849)  (2837,849)  (2792,803)  (2792,757)  (2975,804)  (2975,850)  (2929,850)  (2791,850)  (2882,666)  (2928,666)  (2974,666)  (2976,712)  (2976,758)  (2790,711)  (2790,665)  (2836,665)  (2883,895)  (2837,895)  (2746,804)  (2746,758)  (2996,896)  (2950,896)  (2745,871)  (2882,620)  (2928,620)  (2974,620)  (2764,619)  (2810,619)  (2996,942)  (2950,942)  (2699,855)  (2920,574)  (2966,574)
Kigoma  (1970,2174)  (1964,2239)  (1959,2273)  (1998,2150)  (1969,2206)
Kilamanjaro  (2098,2240)  (2076,2187)
Kusseri  (1504,2164)  (1511,2209)  (1508,2118)
Kuwait  (2745,1863)  (2755,1895)  (2763,1838)  (2732,1837)
Kyrgyz  (3106,1049)  (3060,1094)  (3060,1048)  (3128,1095)  (3106,1003)  (3152,1003)  (3152,1049)  (3014,1069)  (3014,1023)  (3112,1141)  (3198,990)  (3198,1036)  (2968,1052)  (3244,990)  (3244,1036)
Lake Chad  (1503,2074)
Lake Nyasa  (2045,2489)  (2034,2524)
Lake Onega  (2394,418)
Lake Tanganyika  (1946,2287)  (1932,2225)  (1967,2349)  (1933,2165)  (1978,2400)
Lake Victoria  (2019,2125)  (2024,2088)  (2052,2127)  (2057,2088)
Latium  (1688,1395)  (1646,1416)  (1695,1424)  (1727,1453)
Liege  (902,1977)  (856,1971)  (947,2023)  (810,1968)  (950,2069)  (997,2101)  (946,2118)
Lithuania  (2216,841)  (2170,886)  (2170,840)  (2261,887)  (2216,795)  (2262,795)  (2262,841)  (2210,932)  (2174,749)  (2220,749)  (2132,703)  (2178,703)  (2224,703)  (2108,657)
Livonia  (2197,585)  (2174,539)  (2193,634)  (2213,525)  (2213,556)
London  (1373,684)  (1371,722)  (1335,701)  (1337,654)  (1375,644)  (1400,660)  (1404,697)
Loos  (180,2057)  (139,2056)  (127,2024)  (165,2025)
Lorraine  (837,2483)  (791,2455)  (883,2497)  (762,2409)  (929,2496)  (825,2440)  (865,2531)  (952,2537)  (974,2491)
Luxembourg  (993,2367)  (1001,2319)  (949,2392)  (996,2408)  (1035,2354)
Lys River  (352,1968)  (398,1956)  (316,1955)  (319,1997)  (380,1995)  (429,1957)
Maastricht  (1006,1993)  (1008,2039)
Maiduguri  (1438,2121)  (1426,2167)  (1479,2121)  (1435,2092)
Marne River  (480,2503)  (434,2526)  (434,2480)  (526,2493)  (572,2515)
Marseilles  (1345,1289)  (1300,1280)  (1397,1295)  (1446,1324)  (1294,1328)  (1444,1285)
Meuse River  (707,2244)  (661,2289)  (661,2243)  (753,2223)  (793,2255)
Milan  (1589,1261)  (1606,1230)  (1552,1248)  (1561,1213)  (1600,1193)
Mombasa  (2184,2149)  (2185,2103)  (2146,2186)  (2174,2205)  (2215,2107)
Montenegro  (1895,1452)  (1899,1431)
Mora  (1458,2222)  (1468,2260)  (1432,2224)  (1478,2187)
Moscow  (2449,700)  (2446,668)  (2499,668)  (2501,700)  (2477,680)
Mosul  (2700,1621)  (2722,1572)  (2750,1624)  (2658,1644)  (2681,1596)  (2707,1660)
Mozambique  (2118,2523)  (2072,2526)  (2164,2515)
Munich  (1680,1106)  (1727,1072)  (1630,1112)  (1690,1074)  (1717,1120)  (1754,1065)
Nairobi  (2112,2143)  (2093,2092)  (2140,2091)  (2088,2129)  (2139,2126)
Namib Desert  (1619,2283)
Namur  (850,2162)  (844,2208)  (831,2116)  (894,2164)  (875,2120)
Naples  (1786,1577)  (1801,1634)  (1768,1549)  (1789,1669)  (1807,1607)
Netherlands  (1496,807)
Normandy  (1354,919)  (1274,939)  (1401,932)  (1316,957)  (1260,898)  (1308,912)
Northern Alps  (1747,1162)
Northern Rhodesia  (1965,2456)  (1961,2515)  (1921,2479)  (1923,2526)  (1934,2450)  (1985,2489)
Norway  (1724,400)  (1678,445)  (1717,354)  (1763,354)  (1809,315)  (1747,308)  (1793,269)  (1839,269)  (1853,223)  (1899,221)  (2039,33)  (2085,4)  (2131,4)
Novgorod  (2348,549)  (2394,529)  (2297,552)  (2388,485)  (2307,587)  (2388,568)  (2248,529)
Noyon  (295,2199)  (249,2237)  (328,2245)  (278,2153)  (324,2153)  (341,2199)
Nsanakang  (1279,2331)  (1255,2379)  (1291,2296)
Nyasaland  (2010,2489)
Oise  (179,2235)  (228,2294)  (135,2233)  (131,2183)  (211,2265)  (259,2295)
Oman  (3088,2109)  (3046,2179)  (3019,2225)  (2973,2246)  (2922,2267)
Orleans  (1330,1109)  (1376,1100)  (1289,1081)  (1304,1156)  (1380,1147)  (1291,1034)  (1414,1105)
Palestine  (2459,1875)  (2453,1829)  (2460,1922)  (2456,1787)  (2487,1912)  (2423,1854)
Paris  (1364,1014)  (1345,1056)  (1335,993)  (1383,973)  (1394,1049)  (1414,1011)
Passchendaele  (222,1976)  (267,1957)  (221,1954)  (272,1991)
Peronne  (441,2207)  (487,2202)  (436,2252)  (404,2181)  (451,2175)
Persia  (3072,1691)  (3026,1736)  (3026,1690)  (3117,1737)  (3072,1645)  (3118,1645)  (3118,1691)  (3024,1644)  (3071,1782)  (3025,1782)  (2980,1736)  (2980,1690)  (3163,1737)  (3163,1783)  (3117,1783)  (2979,1783)  (3070,1599)  (3116,1599)  (3162,1599)  (3164,1645)  (3164,1691)  (2978,1644)  (2978,1598)  (3024,1598)  (3208,1555)  (3071,1828)  (3025,1828)  (2934,1737)  (2934,1691)  (3209,1737)  (3209,1783)  (3209,1829)  (3163,1829)  (3117,1829)  (2979,1829)  (2933,1829)  (2933,1783)  (3070,1553)  (3116,1553)  (3162,1553)  (3210,1601)  (3210,1647)  (2932,1645)  (2932,1599)  (2932,1553)  (2978,1552)  (3024,1552)  (3208,1509)  (3025,1874)  (2888,1737)  (2888,1691)  (3255,1776)  (3255,1822)  (3255,1868)  (3209,1875)  (3163,1875)  (3117,1875)  (2979,1875)  (2887,1816)  (2887,1507)  (3070,1507)  (3116,1507)  (3162,1507)  (2886,1645)  (2886,1599)  (2886,1553)  (2933,1506)  (2979,1506)  (3294,1914)  (2842,1745)  (2842,1699)  (3301,1795)  (3301,1841)  (3248,1921)  (3202,1921)  (3156,1921)  (2841,1507)  (2841,1461)
Petrograd  (2285,506)  (2265,459)  (2285,428)  (2330,431)  (2330,480)  (2292,459)  (2321,510)
Picardy  (48,2298)  (87,2344)  (41,2344)  (7,2252)  (53,2252)  (90,2390)  (44,2390)  (7,2206)  (53,2206)
Piedmont  (1492,1254)  (1508,1305)  (1482,1217)  (1555,1297)  (1484,1288)  (1516,1209)  (1529,1267)
Pomerania  (1800,754)  (1850,761)  (1754,757)  (1899,772)  (1718,749)  (1740,784)  (1829,732)  (1863,787)
Port Harcourt  (1245,2240)  (1231,2286)  (1291,2240)  (1228,2341)  (1223,2204)
Portugal  (828,1398)  (847,1352)  (825,1444)  (798,1495)
Pskov  (2257,619)  (2254,674)  (2258,571)  (2281,645)  (2235,644)
Rhone  (1390,1212)  (1344,1230)  (1439,1192)  (1440,1243)  (1307,1214)
Romania  (2145,1296)  (2099,1338)  (2053,1325)  (2185,1269)  (2184,1193)  (2097,1292)  (2178,1316)  (2228,1277)  (2184,1235)  (2175,1149)
Rome  (1690,1558)  (1648,1517)  (1683,1477)  (1727,1504)  (1690,1516)  (1731,1548)  (1658,1556)
Ruhr  (1567,910)  (1521,955)  (1521,909)  (1589,956)  (1567,864)  (1621,945)  (1612,886)  (1532,873)  (1567,962)
Rukwa  (2015,2395)  (1986,2337)  (2022,2430)  (2020,2368)
Ryazan  (2482,862)  (2436,907)  (2436,861)  (2527,908)  (2482,816)  (2528,816)  (2528,862)  (2427,953)  (2390,907)  (2479,770)  (2574,812)  (2574,858)  (2344,927)  (2620,817)
Saar  (1045,2445)  (1063,2399)  (1072,2353)  (1061,2307)  (984,2447)  (1087,2470)
Saissons  (328,2335)  (357,2294)  (302,2383)  (348,2366)  (366,2340)  (304,2302)  (291,2334)
Sambre River  (725,2046)  (679,2051)  (770,2092)  (771,2019)  (721,2093)
Sardinia  (1539,1531)  (1532,1589)
Saxony  (1707,894)  (1708,940)  (1757,924)  (1660,902)  (1709,848)  (1676,867)  (1672,943)
Scotland  (1334,406)  (1387,401)  (1346,342)  (1309,462)  (1284,402)
Seine  (1451,1004)  (1451,953)  (1452,1052)  (1454,1102)
Serbia  (2005,1469)  (1969,1423)  (2013,1425)  (1926,1406)  (1930,1361)
Sicily  (1717,1711)  (1664,1697)
Silesia  (1906,931)  (1944,977)  (1852,914)  (1945,937)  (1899,968)  (1823,915)  (1870,893)  (1875,939)
Sinai  (2410,1970)  (2400,1995)  (2398,1954)  (2399,1935)
Smolensk  (2354,773)  (2308,745)  (2348,819)  (2400,740)  (2403,786)  (2437,740)  (2359,732)
Smyrna  (2387,1632)  (2341,1660)  (2433,1593)  (2433,1639)  (2295,1669)  (2479,1582)  (2479,1628)  (2249,1661)  (2525,1575)  (2571,1568)
Somme - East  (220,2186)  (220,2128)  (242,2162)
Somme - West  (181,2194)  (184,2135)  (162,2162)
Songea  (2131,2443)  (2085,2461)  (2172,2456)  (2173,2418)  (2095,2423)
South Africa  (1863,2517)  (1817,2526)  (1764,2524)  (1870,2477)  (1712,2524)
Spain  (1025,1406)  (979,1451)  (979,1405)  (1070,1452)  (1025,1360)  (1071,1360)  (1071,1406)  (977,1359)  (1024,1497)  (978,1497)  (933,1451)  (933,1405)  (1116,1452)  (1107,1498)  (932,1498)  (1023,1314)  (1069,1314)  (1115,1314)  (1117,1360)  (1117,1406)  (942,1313)  (1161,1311)  (1061,1543)  (1015,1543)  (969,1544)  (886,1519)  (886,1473)  (988,1268)  (1034,1268)  (1080,1268)  (1163,1357)  (1163,1403)  (929,1267)  (1038,1589)  (992,1590)  (975,1222)  (1209,1341)  (1209,1387)  (903,1221)  (1255,1373)
Spanish Guinea  (1333,2531)
Spanish Morocco  (901,1741)
St. Mihiel  (926,2443)  (832,2385)  (876,2421)  (813,2344)
St. Quentin  (566,2272)  (561,2235)  (608,2225)  (608,2269)
Sudan  (2354,2222)  (2308,2267)  (2308,2221)  (2399,2268)  (2374,2176)  (2400,2222)  (2339,2313)  (2293,2313)  (2262,2267)  (2262,2221)  (2446,2242)  (2328,2359)  (2282,2359)  (2319,2405)  (2273,2405)  (2260,2498)
Suzdal  (2551,537)  (2505,582)  (2505,536)  (2596,583)  (2551,491)  (2597,491)  (2597,537)  (2503,490)  (2550,628)  (2459,580)  (2642,583)  (2642,629)  (2596,629)  (2549,445)  (2595,445)  (2641,445)  (2643,491)  (2643,537)  (2457,534)  (2457,488)  (2503,444)  (2455,442)  (2687,401)  (2550,674)  (2688,600)  (2688,646)  (2642,675)  (2596,675)  (2689,447)  (2501,398)  (2643,721)  (2597,721)
Sweden  (1853,504)  (1807,505)  (1880,550)  (1820,458)  (1866,458)  (1834,551)  (1912,442)  (1847,412)  (1855,597)  (1893,396)  (1892,350)  (1938,337)  (1908,291)  (1954,291)  (2000,257)  (2046,225)  (1967,211)  (2013,179)  (2059,179)  (2026,133)  (2072,133)  (2092,87)
Switzerland  (1522,1144)
Syria  (2552,1768)  (2516,1802)  (2516,1756)  (2597,1814)  (2552,1722)  (2497,1710)  (2551,1848)  (2543,1676)  (2589,1642)
Tanga  (2158,2248)  (2168,2289)  (2143,2282)
Transcaspia  (3181,1305)  (3135,1350)  (3135,1304)  (3226,1351)  (3181,1259)  (3227,1259)  (3227,1305)  (3133,1258)  (3180,1396)  (3134,1396)  (3089,1342)  (3246,1397)  (3087,1255)  (3073,1209)  (3027,1205)  (2981,1187)
Transylvania  (2046,1234)  (2000,1269)  (2058,1188)  (2092,1234)  (2107,1182)  (2004,1222)  (2138,1225)
Tripoli  (1657,1911)  (1611,1956)  (1702,1957)  (1703,1888)  (1565,1963)  (1749,1897)
Trucial Coast  (3014,2041)  (2957,2065)  (2914,2073)  (3020,1997)  (3003,2079)  (3046,2055)
Tsingtao  (3193,934)  (3242,934)
Tunisia  (1516,1784)  (1546,1830)  (1488,1738)
Tuscany  (1630,1328)  (1636,1363)  (1606,1383)  (1596,1309)  (1603,1349)
Tver  (2359,649)  (2405,621)  (2310,688)  (2314,638)  (2376,694)  (2405,667)  (2367,609)
Tyrol  (1617,1153)  (1629,1181)  (1657,1164)  (1643,1207)
Uganda  (1962,2094)  (1943,2131)  (1935,2090)  (1984,2120)
Ukraine  (2266,1134)  (2220,1119)  (2289,1180)  (2243,1180)  (2312,1120)  (2204,1073)  (2246,1226)  (2179,1027)
Upper Egypt  (2290,2075)  (2334,2121)  (2288,2121)  (2260,2029)  (2306,2029)  (2336,2075)
United States  (204,1414)  (158,1459)  (158,1413)  (249,1460)  (204,1368)  (250,1368)  (250,1414)  (156,1367)  (203,1505)  (157,1505)  (112,1459)  (112,1413)  (295,1460)  (295,1506)  (249,1506)  (111,1506)  (202,1322)  (248,1322)  (294,1322)  (296,1368)  (296,1414)  (110,1367)  (110,1321)  (156,1321)  (340,1309)  (66,1460)  (66,1414)  (341,1460)  (341,1506)  (65,1510)  (342,1355)  (342,1401)  (64,1368)  (64,1322)  (386,1309)  (20,1464)  (20,1418)  (387,1447)  (387,1493)  (19,1510)  (388,1355)  (388,1401)  (18,1372)  (18,1326)  (432,1309)  (433,1447)  (433,1493)  (434,1355)  (434,1401)
US Declares War  (800,418)  (847,415)  (799,462)  (847,464)
Venice  (1657,1282)  (1635,1267)  (1663,1241)  (1687,1217)
Verdun  (723,2335)  (726,2305)  (771,2299)  (764,2345)
Vienna  (1845,1162)  (1845,1125)  (1857,1095)  (1888,1110)  (1885,1161)  (1857,1126)
Vimy  (262,2053)  (308,2041)  (248,2099)  (216,2033)  (291,2084)  (352,2046)
Vosges Mountains  (1040,2518)
Wales  (1262,617)  (1229,666)  (1243,641)
Wallonia  (881,2365)  (926,2334)
Warsaw  (2055,920)  (2009,964)  (2009,918)  (2076,874)  (2101,920)  (2128,967)  (2020,873)  (1974,878)  (1968,918)  (2049,964)  (2089,964)  (2113,876)
Weidmannshiel  (2076,2300)  (2070,2362)  (2023,2311)  (2010,2255)  (2025,2195)  (2050,2271)  (2092,2335)
Windhoek  (1709,2292)  (1713,2338)  (1717,2246)  (1662,2313)  (1743,2199)  (1669,2266)
Wurttemburg  (1569,1053)  (1615,1043)  (1573,1012)  (1521,1042)  (1533,1090)  (1587,1089)  (1520,1002)
Yaounde  (1415,2453)  (1369,2472)  (1438,2499)  (1409,2407)  (1461,2440)  (1377,2427)  (1403,2506)
Yemen  (2789,2365)  (2743,2410)  (2823,2319)  (2869,2311)  (2829,2367)  (2687,2434)
York  (1342,532)  (1356,583)  (1310,592)  (1298,643)  (1305,537)
Ypres  (169,1986)  (170,1949)  (128,1950)  (129,1989)


