Germany  (1648,1081)  (1602,1126)  (1602,1080)  (1693,1127)  (1648,1035)  (1694,1035)  (1694,1081)  (1600,1034)  (1647,1172)  (1601,1172)  (1556,1126)  (1556,1080)  (1739,1127)  (1739,1173)  (1693,1173)  (1646,989)  (1692,989)  (1738,989)  (1740,1035)  (1740,1081)  (1554,1034)  (1568,988)  (1555,1217)  (1784,961)  (1647,1218)  (1601,1218)  (1785,1127)  (1639,943)  (1786,1007)  (1786,1053)  (1830,953)
Eastern France  (1407,1192)  (1361,1237)  (1452,1238)  (1389,1146)  (1453,1165)
Bulgaria  (2143,1533)  (2097,1567)  (2097,1521)  (2170,1579)  (2189,1494)  (2216,1540)
Baltic States  (2098,798)  (2052,843)  (2123,844)  (2095,752)  (2141,752)  (2144,798)  (2018,797)  (2097,706)  (2143,706)  (2189,691)
France  (1226,1199)  (1180,1160)  (1264,1245)  (1218,1245)  (1226,1153)  (1272,1153)  (1272,1199)  (1244,1291)  (1306,1107)  (1229,1337)  (1183,1341)  (1220,1387)  (1174,1387)
Tyrrhenian Sea Sea Zone  (1369,1569)  (1382,1615)  (1383,1523)  (1414,1661)  (1415,1569)  (1428,1615)  (1429,1507)  (1519,1469)  (1519,1576)  (1534,1515)  (1540,1675)  (1549,1622)  (1565,1561)  (1595,1607)
Northern Italy  (1585,1391)  (1539,1404)  (1629,1437)  (1626,1345)  (1631,1391)  (1493,1405)  (1638,1483)  (1637,1529)
Strait of Gibraltar Sea Zone  (998,1749)  (1044,1729)  (810,1702)  (785,1656)  (764,1719)
Palestine  (2660,2064)  (2641,2110)  (2658,2018)
Vyborg  (2198,517)
Czechoslovakia  (1867,1195)  (1821,1194)  (1913,1213)
Western Mediterranean Sea Zone  (1256,1665)  (1210,1710)  (1210,1664)  (1301,1711)  (1256,1619)  (1302,1619)  (1302,1665)  (1208,1618)  (1164,1745)  (1164,1699)  (1347,1711)  (1347,1757)  (1254,1573)  (1300,1573)  (1162,1653)  (1162,1607)  (1208,1572)  (1393,1729)  (1306,1527)  (1316,1481)
Davis Strait Sea Zone  (678,255)  (632,294)  (632,248)  (723,301)  (678,209)  (724,209)  (724,255)  (677,340)  (586,284)  (769,301)  (769,347)  (723,347)  (691,163)  (737,163)  (770,209)  (770,255)  (677,386)  (540,281)  (709,117)  (755,117)  (709,71)  (755,71)  (495,453)  (667,25)  (713,25)  (759,25)
Tunisia  (1466,2089)  (1420,2134)  (1420,2088)  (1511,2135)  (1466,2043)  (1512,2069)  (1418,2042)  (1465,2180)  (1513,2181)  (1464,1997)  (1384,1996)  (1467,2226)  (1430,1951)  (1476,1909)  (1442,1863)  (1488,1863)
Iceland  (1064,142)  (1018,167)  (1018,121)  (1110,126)  (1110,172)
Ukraine S.S.R.  (2414,1172)  (2368,1217)  (2368,1171)  (2459,1218)  (2414,1126)  (2460,1126)  (2460,1172)  (2366,1125)  (2413,1263)  (2367,1263)  (2322,1217)  (2322,1171)  (2505,1218)  (2494,1264)  (2412,1080)  (2506,1106)  (2506,1152)  (2320,1125)  (2324,1079)  (2321,1297)  (2276,1200)  (2551,1198)  (2372,1034)  (2552,1110)  (2597,1157)
Adriatic Sea Sea Zone  (1785,1536)  (1739,1525)  (1830,1582)  (1728,1479)  (1876,1597)  (1894,1643)
Central Atlantic Sea Zone  (178,1482)  (132,1527)  (132,1481)  (223,1528)  (178,1436)  (224,1436)  (224,1482)  (130,1435)  (177,1573)  (131,1573)  (86,1527)  (86,1481)  (269,1528)  (269,1574)  (223,1574)  (85,1574)  (176,1390)  (222,1390)  (268,1390)  (270,1436)  (270,1482)  (84,1435)  (84,1389)  (130,1389)  (177,1619)  (131,1619)  (40,1528)  (40,1482)  (315,1528)  (315,1574)  (315,1620)  (269,1620)  (223,1620)  (85,1620)  (39,1620)  (39,1574)  (176,1344)  (222,1344)  (268,1344)  (316,1452)  (38,1436)  (38,1390)  (38,1344)  (84,1343)  (130,1343)  (177,1665)  (131,1665)  (361,1498)  (361,1544)  (361,1590)  (299,1666)  (253,1666)  (85,1666)  (39,1666)  (0,1298)  (176,1298)  (222,1298)  (268,1298)  (362,1452)  (46,1297)  (92,1297)  (314,1285)  (360,1285)  (406,1254)  (407,1498)  (407,1544)  (407,1590)  (0,1252)  (408,1452)  (46,1251)  (92,1251)  (386,1208)  (0,1206)  (46,1205)  (92,1205)  (386,1162)  (0,1160)  (46,1159)  (92,1159)
Sicily  (1698,1799)
South Atlantic Sea Zone  (227,1929)  (181,1974)  (181,1928)  (272,1975)  (227,1883)  (273,1883)  (273,1929)  (179,1882)  (226,2020)  (180,2020)  (135,1974)  (135,1928)  (318,1975)  (318,2021)  (272,2021)  (134,2021)  (225,1837)  (271,1837)  (317,1837)  (319,1883)  (319,1929)  (133,1882)  (133,1836)  (179,1836)  (363,1793)  (226,2066)  (180,2066)  (89,1975)  (89,1929)  (364,1975)  (364,2021)  (348,2067)  (302,2067)  (134,2067)  (88,2067)  (88,2021)  (225,1791)  (271,1791)  (365,1839)  (365,1885)  (87,1883)  (87,1837)  (87,1791)  (133,1790)  (179,1790)  (409,1792)  (211,2112)  (43,1975)  (43,1929)  (410,1931)  (410,1977)  (410,2023)  (165,2113)  (119,2113)  (73,2113)  (42,2067)  (42,2021)  (42,1745)  (225,1745)  (271,1745)  (411,1838)  (411,1884)  (41,1883)  (41,1837)  (41,1791)  (88,1744)  (134,1744)  (27,2128)  (455,1792)  (187,2159)  (141,2159)  (95,2159)  (457,1838)  (457,1884)  (49,2174)  (3,2174)  (501,1792)  (154,2205)  (108,2205)  (503,1838)  (62,2220)  (16,2220)  (547,1792)  (123,2251)  (575,1731)  (593,1777)  (621,1730)  (639,1776)  (667,1730)  (713,1730)
Barents Sea Sea Zone  (1464,1)  (1464,47)  (1510,0)  (1510,46)  (1556,0)  (1556,46)  (1591,92)  (1602,0)  (1602,46)  (1637,92)  (1648,0)  (1648,46)  (1683,92)  (1694,0)  (1694,46)  (1729,92)  (1740,0)  (1740,46)  (1775,92)  (1786,0)  (1786,46)  (1821,92)  (1832,0)  (1832,46)  (1867,92)  (1878,0)  (1878,46)  (1924,0)  (1924,46)  (1970,0)  (2016,0)  (2062,0)  (2108,0)
Iraq  (3035,1980)  (2989,2025)  (2989,1979)  (3080,2026)  (3035,1934)  (3081,1934)  (3081,1980)  (2987,1933)  (3034,2071)  (2988,2071)  (2943,2025)  (2943,1979)  (3126,2026)  (3126,2072)  (3080,2072)  (2942,2072)  (3033,1888)  (3079,1888)  (3125,1888)  (3127,1934)  (3127,1980)  (2941,1933)  (2941,1887)  (2987,1887)  (3171,1851)  (3034,2117)  (2897,2026)  (2897,1980)  (3172,2026)  (3172,2072)  (3172,2118)  (3126,2118)  (3080,2118)  (3033,1842)  (3079,1842)  (3173,1897)  (3173,1943)  (2895,1934)  (2954,1841)  (2851,2021)  (3194,2164)  (3148,2164)  (3102,2164)  (2849,1975)  (2961,1795)  (3194,2210)
Gibraltar  (922,1651)  (968,1656)
Hungary  (1955,1328)  (1909,1373)  (1909,1327)  (2000,1374)  (1966,1282)  (2001,1328)  (2012,1271)
Baltic Sea Sea Zone  (1784,888)  (1830,854)  (1876,844)  (1889,720)  (1912,557)  (1922,814)  (1922,860)  (1923,509)  (1935,678)  (1943,603)  (1947,767)  (1981,649)  (2005,359)
Turkey  (2559,1692)  (2513,1737)  (2513,1691)  (2604,1738)  (2559,1646)  (2605,1646)  (2605,1692)  (2511,1645)  (2558,1783)  (2512,1783)  (2467,1737)  (2467,1691)  (2650,1738)  (2466,1784)  (2557,1600)  (2603,1600)  (2649,1600)  (2651,1646)  (2651,1692)  (2465,1645)  (2465,1599)  (2511,1599)  (2662,1784)  (2695,1581)  (2421,1738)  (2421,1692)  (2696,1738)  (2420,1805)  (2697,1627)  (2697,1673)  (2419,1646)  (2741,1563)  (2375,1759)  (2375,1713)  (2742,1719)  (2374,1832)  (2743,1609)  (2743,1655)  (2373,1667)  (2787,1546)  (2329,1786)  (2329,1740)  (2789,1592)  (2789,1638)  (2789,1684)  (2327,1694)  (2833,1511)  (2283,1796)  (2283,1750)  (2835,1557)  (2835,1603)  (2281,1704)  (2237,1607)
English Channel Sea Zone  (1285,1055)  (1364,1004)  (1387,958)  (1239,1058)  (1433,931)  (1383,912)  (1193,1048)  (1429,885)  (1356,866)  (1147,1065)  (1402,839)  (1353,820)  (1101,1062)  (1055,1101)  (1055,1055)
British Convoy 4 Sea Zone  (831,463)  (785,508)  (785,462)  (876,509)  (877,439)  (739,511)  (739,465)
British Convoy 3 Sea Zone  (670,1158)  (624,1203)  (624,1157)  (715,1204)  (716,1135)  (761,1181)
Spanish Morocco  (878,1796)  (924,1802)
Aegean Sea Sea Zone  (2236,1891)  (2190,1928)  (2190,1882)  (2281,1937)  (2282,1875)  (2180,1836)  (2144,1927)  (2327,1921)  (2134,1881)  (2134,1835)  (2180,1790)  (2133,1775)  (2373,1896)  (2373,1942)  (2088,1922)  (2179,1744)  (2104,1729)  (2419,1883)  (2419,1929)  (2042,1929)  (2150,1698)  (2465,1878)
Southern Italy  (1743,1614)  (1697,1594)  (1784,1660)
Caucasus  (2841,1329)  (2795,1374)  (2795,1328)  (2886,1375)  (2841,1283)  (2887,1283)  (2887,1329)  (2793,1282)  (2840,1420)  (2749,1391)  (2749,1345)  (2932,1375)  (2932,1421)  (2886,1421)  (2839,1237)  (2885,1237)  (2933,1302)  (2747,1299)  (2747,1253)  (2793,1236)  (2703,1367)  (2978,1367)  (2978,1413)  (2978,1459)  (2932,1467)  (2839,1191)  (2885,1191)  (2701,1321)  (2701,1275)  (2701,1229)  (3016,1505)  (3024,1401)  (3024,1447)  (2970,1513)  (2655,1346)  (2655,1300)  (3070,1438)
Egypt  (2355,2231)  (2309,2258)  (2309,2212)  (2363,2185)  (2401,2231)  (2409,2177)  (2263,2258)  (2263,2212)  (2447,2223)  (2455,2171)  (2217,2258)  (2217,2212)  (2493,2217)  (2171,2258)  (2171,2212)  (2539,2172)  (2575,2218)
British Convoy 1 Sea Zone  (445,1708)  (399,1745)  (399,1699)  (491,1672)  (491,1718)  (353,1745)  (353,1699)
Iran  (3036,1669)  (2990,1714)  (2990,1668)  (3081,1715)  (3036,1623)  (3082,1623)  (3082,1669)  (2988,1622)  (2944,1719)  (2944,1673)  (3127,1715)  (3127,1761)  (3081,1761)  (3056,1577)  (3128,1610)  (3128,1656)  (2942,1627)  (2940,1581)  (2898,1685)  (3173,1702)  (3173,1748)  (3173,1794)  (3174,1615)  (2896,1639)
Denmark  (1624,810)
Azores Sea Sea Zone  (644,1449)  (598,1494)  (598,1448)  (689,1495)  (644,1403)  (690,1403)  (690,1449)  (596,1402)  (643,1540)  (597,1540)  (552,1494)  (728,1541)  (551,1541)  (642,1357)  (688,1357)  (734,1357)  (736,1403)  (736,1449)  (574,1356)  (780,1313)  (682,1586)  (636,1586)  (506,1495)  (590,1587)  (544,1587)  (505,1541)  (620,1311)  (666,1311)  (712,1311)  (782,1359)  (782,1405)  (498,1594)  (479,1285)  (525,1285)  (571,1285)  (758,1267)  (804,1267)  (710,1632)  (664,1632)  (618,1633)  (617,1265)  (663,1265)  (709,1265)  (850,1243)  (471,1239)  (517,1239)  (715,1678)  (669,1678)  (623,1679)  (577,1679)  (808,1197)  (854,1197)  (471,1193)  (517,1193)  (808,1151)  (854,1151)
Spain  (970,1483)  (924,1528)  (924,1482)  (1015,1529)  (970,1437)  (1016,1437)  (1016,1483)  (922,1436)  (883,1574)  (878,1528)  (878,1482)  (1061,1529)  (1061,1575)  (1015,1575)  (968,1391)  (1014,1391)  (1062,1404)  (1062,1450)  (876,1436)  (876,1390)  (922,1390)  (837,1611)  (832,1565)  (832,1519)  (1107,1496)  (1107,1542)  (1080,1621)  (1034,1621)  (1108,1439)  (830,1473)  (869,1344)  (915,1344)  (786,1595)  (786,1549)  (1153,1485)  (1044,1667)  (1199,1497)
Turkestan  (3010,819)  (2964,864)  (2964,818)  (3055,865)  (3010,773)  (3056,773)  (3056,819)  (2962,772)  (3009,910)  (2963,910)  (2918,864)  (2918,818)  (3101,865)  (3101,911)  (3055,911)  (2917,911)  (3008,727)  (3054,727)  (3100,727)  (3102,773)  (3102,819)  (2916,772)  (2916,726)  (2962,726)  (3146,683)  (3009,956)  (2963,956)  (2872,865)  (2872,819)  (3147,865)  (3147,911)  (3147,957)  (3101,957)  (3055,957)  (2917,957)  (2871,957)  (2871,911)  (3008,681)  (3054,681)  (3100,681)  (3148,729)  (3148,775)  (2870,773)  (2870,727)  (2870,681)  (2916,680)  (2962,680)  (3146,637)  (3192,637)  (3192,683)  (3009,1002)  (2963,1002)  (2826,865)  (2826,819)  (3193,821)  (3193,867)  (3193,913)  (3193,959)  (3147,1003)  (3101,1003)  (3055,1003)  (2917,1003)  (2871,1003)  (2825,952)  (2860,635)  (3008,635)  (3054,635)  (3100,635)  (3194,729)  (3194,775)  (2906,634)  (2952,634)  (3194,1005)  (3009,1048)  (2963,1048)  (2780,906)  (2780,860)  (3148,1049)  (2917,1049)  (2871,1049)  (2902,588)  (2948,588)  (3194,1051)  (2985,1094)  (2734,904)  (2939,1095)  (2893,1095)  (3194,1097)  (3194,1143)  (3148,1167)  (3194,1189)  (3148,1213)  (3194,1235)
North Atlantic Sea Zone  (1331,314)  (1285,359)  (1285,313)  (1376,360)  (1331,268)  (1377,268)  (1377,314)  (1283,267)  (1330,405)  (1284,405)  (1417,406)  (1249,221)  (1295,221)  (1249,175)  (1295,175)  (1249,129)  (1295,129)  (1341,84)  (1387,84)  (1249,83)  (1295,83)  (1341,38)  (1387,38)  (1249,37)  (1295,37)
Algeria  (1049,2124)  (1003,2169)  (1003,2123)  (1094,2170)  (1049,2078)  (1095,2078)  (1095,2124)  (1001,2077)  (1048,2215)  (1002,2215)  (957,2169)  (957,2123)  (1140,2170)  (1140,2216)  (1094,2216)  (956,2216)  (1047,2032)  (1093,2032)  (1139,2032)  (1141,2078)  (1141,2124)  (955,2077)  (955,2031)  (1001,2031)  (1185,1988)  (911,2170)  (911,2124)  (1186,2170)  (1186,2216)  (910,2258)  (1047,1986)  (1093,1986)  (1139,1986)  (1187,2034)  (1187,2080)  (909,2078)  (909,2032)  (967,1985)  (1185,1942)  (1231,1942)  (1231,1988)  (865,2212)  (865,2166)  (1232,2126)  (1232,2172)  (1232,2218)  (864,2258)  (1013,1940)  (1059,1940)  (1105,1940)  (1233,2034)  (1233,2080)  (863,2120)  (863,2074)  (1151,1896)  (1197,1896)  (1243,1896)  (1277,1942)  (1277,1988)  (819,2212)  (819,2166)  (1278,2126)  (1278,2172)  (1278,2218)  (818,2258)  (1018,1894)  (1064,1894)  (1279,2034)  (1279,2080)  (817,2120)  (1289,1884)  (1110,1850)  (1156,1850)  (1202,1850)  (1323,1930)  (1323,1976)  (773,2212)  (773,2166)  (1324,2126)  (1324,2172)  (1324,2218)  (772,2258)  (1030,1848)  (1325,2022)  (1325,2068)  (771,2120)  (1248,1838)  (1294,1838)  (1335,1884)  (1340,1833)  (1127,1804)  (1173,1804)  (727,2212)  (727,2166)  (1370,2205)  (1370,2251)  (726,2258)  (725,2120)  (1381,1879)  (1386,1824)  (681,2212)  (681,2166)  (680,2258)  (679,2120)  (635,2212)  (635,2166)  (634,2258)  (633,2120)  (589,2212)  (589,2166)  (588,2258)  (587,2120)
Mid-Atlantic Sea Zone  (466,974)  (420,1019)  (420,973)  (511,1020)  (466,928)  (512,928)  (512,974)  (418,927)  (465,1065)  (419,1065)  (374,1019)  (374,973)  (557,1020)  (557,1066)  (511,1066)  (373,1066)  (558,891)  (558,937)  (372,927)  (589,845)  (328,1020)  (328,974)  (603,983)  (603,1029)  (603,1075)  (604,891)  (604,937)  (635,813)
Archangel  (2589,200)  (2543,245)  (2543,199)  (2634,246)  (2589,154)  (2635,154)  (2635,200)  (2588,291)  (2542,291)  (2497,245)  (2497,199)  (2657,292)  (2496,292)  (2552,108)  (2598,108)  (2644,108)  (2681,154)  (2681,200)  (2690,99)  (2579,337)  (2451,246)  (2533,338)  (2487,338)  (2575,62)  (2621,62)  (2727,145)  (2667,53)  (2713,53)  (2736,99)  (2759,30)  (2464,384)  (2654,7)  (2700,7)
Halifax Sea Sea Zone  (661,647)  (615,692)  (615,646)  (706,693)  (661,601)  (707,601)  (707,647)  (613,600)  (660,738)  (614,738)  (569,692)  (569,646)  (752,693)  (752,739)  (706,739)  (753,558)  (753,604)  (567,600)  (567,554)  (613,554)  (798,650)  (798,696)  (798,742)  (799,558)  (799,604)  (607,508)  (844,650)  (844,696)  (844,742)  (845,558)  (845,604)  (890,650)  (890,696)  (890,742)  (891,558)  (891,604)
Eire  (1078,821)  (1032,861)
Cyprus  (2537,1893)
Danish Sea Sea Zone  (1531,799)  (1485,844)  (1485,798)  (1567,845)  (1531,753)  (1577,753)  (1521,890)  (1527,707)  (1623,725)  (1569,898)  (1665,861)  (1669,703)  (1689,749)  (1702,795)  (1711,845)
Celtic Sea Sea Zone  (859,955)  (813,1000)  (813,954)  (904,1001)  (859,909)  (905,909)  (905,955)  (811,908)  (858,1046)  (812,1046)  (767,1000)  (767,954)  (950,1001)  (950,1047)  (904,1047)  (766,1047)  (857,863)  (903,863)  (949,863)  (951,909)  (951,955)  (765,908)  (765,862)  (811,862)  (858,1092)  (812,1092)  (721,1001)  (721,955)  (985,1093)  (939,1093)  (720,1088)  (857,817)  (903,817)  (949,817)  (997,911)  (997,957)  (719,909)  (719,863)  (719,817)  (765,816)  (811,816)  (1043,911)  (1043,957)  (1089,911)  (1089,957)  (1172,822)
Central Mediterranean Sea Zone  (1873,1988)  (1827,2033)  (1827,1987)  (1918,2034)  (1873,1942)  (1919,1942)  (1919,1988)  (1825,1941)  (1872,2079)  (1826,2079)  (1781,2033)  (1781,1987)  (1964,2034)  (1964,2080)  (1918,2080)  (1780,2080)  (1871,1896)  (1917,1896)  (1963,1896)  (1965,1942)  (1965,1988)  (1779,1941)  (1783,1895)  (1872,2125)  (1826,2125)  (1929,2126)  (1780,2126)  (1734,2116)  (1829,1850)  (1875,1850)  (1921,1850)  (1967,1850)  (1809,1804)  (1855,1804)  (1901,1804)  (1947,1804)  (1855,1758)  (1901,1758)
U.S. Convoy 2 Sea Zone  (454,801)  (408,844)  (408,798)  (500,771)  (500,817)  (362,844)  (362,798)
Austria  (1762,1281)  (1716,1311)  (1800,1327)  (1808,1251)
Sweden  (1822,562)  (1867,608)  (1821,608)  (1802,516)  (1848,516)  (1775,638)  (1796,470)  (1842,470)  (1888,445)  (1808,684)  (1762,684)  (1934,400)  (1850,399)  (1831,730)  (1785,730)  (1896,354)  (1942,354)  (1821,776)  (1775,776)  (1881,308)  (1927,308)  (1973,293)  (1906,262)  (1952,247)  (1949,201)
Denmark Strait Sea Zone  (823,1)  (823,47)  (823,93)  (823,139)  (823,185)  (823,231)  (823,277)  (823,323)  (823,369)  (869,0)  (869,46)  (869,92)  (869,138)  (869,184)  (869,230)  (869,276)  (869,322)  (869,368)  (915,0)  (915,46)  (915,92)  (915,138)  (915,184)  (915,230)  (915,276)  (915,322)  (915,368)  (925,414)  (961,0)  (961,189)  (961,235)  (961,281)  (961,327)  (971,373)  (971,419)  (1007,229)  (1007,275)  (1007,321)  (1017,367)  (1017,413)  (1053,233)  (1053,279)  (1059,0)  (1063,325)  (1063,371)  (1063,417)  (1070,46)  (1099,233)  (1099,279)  (1105,0)  (1109,325)  (1109,371)  (1109,417)  (1116,46)  (1145,233)  (1145,279)  (1151,0)  (1155,325)  (1155,371)  (1155,417)  (1162,46)  (1191,190)  (1191,236)  (1193,144)  (1197,0)  (1198,92)  (1201,282)  (1201,328)  (1201,374)  (1201,420)
Siberia  (3032,222)  (2986,267)  (2986,221)  (3077,268)  (3032,176)  (3078,176)  (3078,222)  (2984,175)  (3031,313)  (2985,313)  (2940,267)  (2940,221)  (3123,268)  (3123,314)  (3077,314)  (2939,314)  (3030,130)  (3076,130)  (3122,130)  (3124,176)  (3124,222)  (2938,175)  (2938,129)  (2984,129)  (3168,86)  (3031,359)  (2985,359)  (2894,268)  (2894,222)  (3169,268)  (3169,314)  (3169,360)  (3123,360)  (3077,360)  (2939,360)  (2893,346)  (3030,84)  (3076,84)  (3122,84)  (3170,132)  (3170,178)  (2892,176)  (2892,130)  (2892,84)  (2938,83)  (2984,83)  (3168,40)  (3031,405)  (2985,405)  (2848,300)  (2848,254)  (3194,406)  (3148,406)  (3102,406)  (2939,406)  (2847,38)  (3030,38)  (3076,38)  (3122,38)  (2846,208)  (2846,162)  (2846,116)  (2893,37)  (2939,37)  (3056,451)  (3010,451)  (2802,331)  (2802,285)  (3194,452)  (3148,452)  (3102,452)  (2964,452)  (2800,239)  (2800,193)  (3056,497)  (3010,497)  (2756,319)  (3194,498)  (3148,498)  (3102,498)  (2964,498)  (2754,273)  (3056,543)  (3194,544)  (3148,544)
Norwegian Sea Sea Zone  (1604,310)  (1558,355)  (1558,309)  (1649,356)  (1604,264)  (1650,264)  (1650,310)  (1556,263)  (1603,401)  (1557,401)  (1512,355)  (1512,309)  (1695,356)  (1511,402)  (1602,218)  (1648,218)  (1694,218)  (1696,264)  (1696,310)  (1510,263)  (1740,174)  (1466,356)  (1466,310)  (1465,433)  (1742,220)  (1742,266)  (1742,312)  (1464,264)  (1786,173)  (1788,219)  (1832,173)
Libya  (1843,2234)  (1797,2258)  (1797,2212)  (1889,2211)  (1889,2257)  (1751,2258)  (1751,2212)  (1935,2211)  (1935,2257)  (1705,2258)  (1705,2212)  (1981,2167)  (1981,2213)  (1699,2166)  (1659,2258)  (1659,2212)  (2027,2143)  (2027,2189)  (2027,2235)  (1653,2166)  (1613,2258)  (1613,2212)  (2073,2154)  (2073,2200)  (2073,2246)  (1607,2166)  (1567,2258)
White Sea Sea Zone  (2360,39)  (2314,84)  (2314,38)  (2381,85)  (2406,0)  (2427,46)  (2268,82)  (2268,36)  (2398,131)  (2452,0)  (2473,46)  (2222,82)  (2222,36)  (2498,0)  (2176,59)  (2176,13)  (2355,276)  (2309,277)
Canada  (388,153)  (342,198)  (342,152)  (433,199)  (388,107)  (434,107)  (434,153)  (340,106)  (387,244)  (341,244)  (296,198)  (296,152)  (479,199)  (456,245)  (295,245)  (386,61)  (432,61)  (478,61)  (480,107)  (480,153)  (294,106)  (294,60)  (340,60)  (524,17)  (410,290)  (364,290)  (250,199)  (250,153)  (318,291)  (272,291)  (249,245)  (386,15)  (432,15)  (478,15)  (526,63)  (526,109)  (526,155)  (248,107)  (248,61)  (251,14)  (297,14)  (226,314)  (490,327)  (570,3)  (384,336)  (204,199)  (338,337)  (292,337)  (203,268)  (572,49)  (572,95)  (572,141)  (572,187)  (585,349)  (539,353)  (246,360)  (200,360)  (180,314)  (493,373)  (158,222)  (337,383)  (157,268)  (618,82)  (154,386)  (143,176)  (222,406)  (134,340)  (112,222)  (111,294)  (176,432)  (97,176)  (87,130)  (73,84)  (66,248)  (65,330)  (51,202)  (41,156)  (27,110)  (27,64)  (20,266)  (5,220)
British Convoy 2 Sea Zone  (442,1364)  (396,1405)  (396,1359)  (488,1332)  (488,1378)  (350,1405)  (350,1359)
Belorussia  (2402,841)  (2356,886)  (2356,840)  (2447,887)  (2402,795)  (2448,795)  (2448,841)  (2354,794)  (2401,932)  (2355,932)  (2310,886)  (2310,840)  (2493,887)  (2493,933)  (2447,933)  (2309,933)  (2400,749)  (2446,749)  (2494,780)  (2494,826)  (2308,794)  (2308,748)  (2354,748)  (2401,978)  (2355,978)  (2539,872)  (2539,918)  (2539,964)  (2493,979)  (2447,979)  (2309,979)  (2263,979)  (2263,933)  (2400,703)  (2446,703)  (2262,831)  (2262,785)  (2262,739)  (2570,1010)  (2585,860)  (2585,906)  (2585,952)  (2524,1025)  (2576,1056)  (2631,889)  (2631,935)
Moscow  (2659,676)  (2613,721)  (2613,675)  (2704,722)  (2659,630)  (2705,630)  (2705,676)  (2611,629)  (2658,767)  (2612,767)  (2567,721)  (2567,675)  (2750,722)  (2750,768)  (2704,768)  (2566,768)  (2657,584)  (2703,584)  (2749,584)  (2751,630)  (2751,676)  (2565,629)  (2579,583)  (2658,813)  (2797,656)  (2797,702)
Rumania  (2148,1392)  (2102,1437)  (2102,1391)  (2193,1438)  (2148,1346)  (2194,1346)  (2194,1392)  (2056,1448)  (2239,1438)  (2240,1355)
Corsica  (1493,1525)
Russia  (2655,447)  (2609,492)  (2609,446)  (2700,493)  (2655,401)  (2701,401)  (2701,447)  (2607,400)  (2563,515)  (2563,469)  (2746,493)  (2747,378)  (2747,424)  (2517,551)  (2517,505)  (2517,459)  (2792,470)  (2792,516)  (2793,378)  (2793,424)  (2819,562)  (2488,598)  (2471,552)  (2471,506)  (2838,470)  (2838,516)  (2839,387)  (2442,637)  (2425,555)  (2884,460)  (2884,506)
Syria  (2796,1845)  (2750,1890)  (2750,1844)  (2832,1891)  (2796,1799)  (2842,1799)  (2842,1845)  (2748,1798)  (2774,1936)  (2704,1917)  (2704,1871)  (2824,1753)  (2870,1753)  (2888,1799)
Atlantic Sea Zone  (1028,632)  (982,677)  (982,631)  (1073,678)  (1028,586)  (1074,586)  (1074,632)  (980,585)  (1017,723)  (971,723)  (1119,678)  (1026,540)  (1072,540)  (1118,540)  (1120,586)  (1120,632)  (953,539)  (1164,496)  (1165,678)  (999,494)  (1045,494)  (1091,494)  (1166,542)  (1166,588)  (953,493)  (1210,480)  (1212,526)  (1212,572)  (1256,480)  (1258,526)
Stalingrad  (2727,1072)  (2681,1117)  (2681,1071)  (2772,1118)  (2727,1026)  (2773,1026)  (2773,1072)  (2679,1025)  (2635,1096)  (2725,980)  (2633,1050)
United States  (115,638)  (69,683)  (69,637)  (160,684)  (115,592)  (161,592)  (161,638)  (67,591)  (114,729)  (68,729)  (23,683)  (23,637)  (160,730)  (22,730)  (129,546)  (175,546)  (207,592)  (207,638)  (21,591)  (21,545)  (67,545)  (221,532)  (89,775)  (43,776)  (253,578)  (253,624)  (17,499)  (229,486)  (267,532)  (275,478)  (71,822)  (25,822)  (299,578)  (313,524)  (321,455)  (57,868)  (11,868)  (367,439)  (70,914)  (413,413)  (85,960)  (87,1006)
Greece  (1997,1647)  (1951,1666)  (2023,1693)  (2043,1611)  (2030,1739)
Bay of Biscay Sea Zone  (1046,1249)  (1000,1294)  (1000,1248)  (1091,1295)  (1046,1203)  (1092,1203)  (1092,1249)  (998,1202)  (954,1289)  (1109,1341)  (1044,1157)  (1138,1255)  (952,1243)  (952,1197)  (998,1156)  (947,1151)
Soviet Convoy Sea Zone  (1439,160)  (1393,204)  (1393,158)  (1485,131)  (1485,177)  (1531,131)  (1531,177)
Poland  (1956,1031)  (1910,1076)  (1910,1030)  (2001,1077)  (1956,985)  (2002,985)  (2002,1031)  (1908,984)  (1955,1122)  (1909,1122)  (1864,1049)  (2006,1123)  (1975,939)  (2021,939)  (2048,985)
Black Sea Sea Zone  (2484,1458)  (2438,1503)  (2438,1457)  (2529,1504)  (2523,1412)  (2530,1458)  (2433,1411)  (2569,1381)  (2402,1549)  (2392,1503)  (2392,1457)  (2575,1504)  (2576,1427)  (2390,1365)  (2387,1411)  (2356,1585)  (2346,1539)  (2346,1493)  (2621,1473)  (2621,1519)  (2622,1398)  (2341,1447)  (2341,1401)  (2540,1314)  (2300,1577)  (2300,1531)  (2667,1444)  (2667,1490)  (2713,1442)  (2713,1488)  (2759,1465)
U.S. Convoy 1 Sea Zone  (249,1157)  (203,1202)  (203,1156)  (294,1203)  (295,1135)  (157,1207)  (157,1161)
Switzerland  (1514,1290)
Norway  (1690,509)  (1644,505)  (1735,555)  (1689,555)  (1690,463)  (1736,463)  (1736,509)  (1643,568)  (1669,614)  (1623,614)  (1785,379)  (1613,660)
Leningrad  (2297,605)  (2251,650)  (2251,604)  (2342,651)  (2297,559)  (2343,559)  (2343,605)  (2250,558)
Eastern Mediterranean Sea Zone  (2343,2055)  (2297,2100)  (2297,2054)  (2388,2101)  (2343,2009)  (2389,2009)  (2389,2055)  (2295,2008)  (2307,2146)  (2261,2146)  (2251,2100)  (2251,2054)  (2434,2101)  (2435,1990)  (2435,2036)  (2249,2008)  (2205,2128)  (2205,2082)  (2480,2082)  (2481,1980)  (2481,2026)  (2203,2036)  (2159,2124)  (2526,2072)  (2526,2118)  (2527,1947)  (2527,1993)  (2157,2078)  (2157,2032)  (2572,2039)  (2573,1942)  (2573,1988)  (2111,2099)  (2111,2053)  (2108,2007)  (2588,1896)  (2619,1942)  (2065,2092)  (2062,2046)
Vichy France  (1346,1358)  (1300,1403)  (1300,1357)  (1391,1404)  (1346,1312)  (1392,1312)  (1392,1358)  (1267,1449)  (1438,1348)
Crete  (2150,1965)
Bessarabia  (2174,1269)  (2128,1291)  (2220,1241)  (2266,1256)
Morocco  (547,2022)  (501,2067)  (501,2021)  (547,2068)  (547,1976)  (593,1976)  (593,2022)  (499,1975)  (501,2113)  (455,2113)  (545,1930)  (591,1930)  (637,1930)  (639,1976)  (639,2022)  (683,1886)  (501,2159)  (455,2159)  (409,2159)  (409,2113)  (570,1884)  (616,1884)  (685,1932)  (685,1978)  (685,2024)  (670,1840)  (716,1840)  (729,1886)  (502,2205)  (456,2205)  (410,2205)  (364,2205)  (363,2159)  (731,1932)  (731,1978)  (731,2024)  (762,1814)  (318,2250)  (775,1860)  (509,2251)  (463,2251)  (417,2251)  (371,2251)  (317,2204)  (317,2158)  (777,1906)  (777,1952)  (777,1998)  (272,2258)  (271,2212)  (271,2166)  (823,1870)  (823,1916)  (823,1962)  (823,2008)  (226,2258)  (869,1872)  (869,1918)  (869,1964)  (915,1890)  (915,1936)  (961,1860)
Trans-Jordan  (2735,2122)  (2689,2167)  (2743,2168)  (2728,2076)  (2774,2076)  (2697,2213)  (2752,2214)  (2756,2030)
Finland  (2108,410)  (2062,455)  (2152,456)  (2092,364)  (2138,364)  (2154,410)  (2106,501)  (2060,501)  (2090,318)  (2136,318)  (2014,503)  (2066,547)  (2062,272)  (2108,272)  (2020,549)  (2052,226)  (2098,226)  (2041,180)  (2087,180)  (2007,134)  (2053,134)
United Kingdom  (1255,919)  (1209,932)  (1300,965)  (1267,873)  (1254,978)  (1278,827)  (1283,781)  (1258,696)
Sardinia  (1500,1652)
Saudi Arabia  (2942,2217)  (2896,2258)  (2896,2212)  (2942,2171)  (2988,2183)  (2988,2229)  (2890,2166)  (2850,2258)  (2850,2212)  (3034,2207)  (3034,2253)  (2844,2166)  (2844,2120)  (2804,2258)  (2804,2212)  (3080,2231)  (3126,2255)
Malta  (1639,2025)
Netherlands-Belgium  (1454,1043)
Sicilian Sea Sea Zone  (1454,1751)  (1500,1752)  (1524,1955)  (1541,2001)  (1546,1750)  (1570,1928)  (1573,1862)  (1587,1796)  (1592,1732)  (1616,1908)  (1619,1842)  (1638,1689)  (1638,1735)  (1661,1642)  (1662,1888)  (1676,1964)  (1684,1688)  (1684,1734)  (1708,1873)  (1730,1707)  (1730,1753)
Karelia  (2286,378)  (2240,410)  (2240,364)  (2331,424)  (2225,318)  (2285,456)  (2377,389)  (2377,435)  (2331,470)  (2192,272)  (2167,226)  (2303,221)  (2349,204)  (2165,180)  (2273,175)  (2211,152)  (2157,134)
North Sea Sea Zone  (1432,604)  (1386,649)  (1386,603)  (1477,650)  (1432,558)  (1478,558)  (1478,604)  (1384,557)  (1431,695)  (1385,695)  (1430,512)  (1476,512)  (1522,512)  (1524,558)  (1524,604)  (1338,567)  (1338,521)  (1384,511)  (1339,718)  (1427,741)  (1381,764)  (1335,764)
Yugoslavia  (1882,1466)  (1836,1485)  (1836,1439)  (1927,1512)  (1928,1444)  (1811,1393)  (1973,1490)  (1973,1536)
U.S. Eastern Coast Sea Zone  (212,903)  (166,948)  (166,902)  (257,949)  (212,857)  (258,857)  (258,903)  (164,856)  (211,994)  (165,994)  (281,995)  (210,811)  (256,811)  (235,1040)  (189,1040)  (143,1040)  (302,766)  (281,1041)  (221,765)  (39,1076)  (348,724)  (394,721)  (235,1086)  (189,1086)  (143,1086)  (267,720)  (281,1087)  (12,1030)  (11,984)  (325,678)  (371,675)  (417,675)  (440,721)  (463,652)  (351,629)  (397,629)  (486,698)  (443,606)  (489,606)  (419,560)  (421,514)
East Poland  (2151,1073)  (2105,1118)  (2105,1072)  (2196,1119)  (2151,1027)  (2197,1027)  (2197,1073)  (2150,1164)  (2104,1164)  (2130,981)  (2176,981)  (2243,1067)  (2130,1210)  (2084,1210)  (2140,935)  (2186,935)  (2179,889)