Evenki National Okrug(1524,116) (1497,88) (1527,88) (1553,144) (1523,144) (1554,116) (1494,116) (1493,147) (1557,84) (1469,60) (1499,60) (1581,172) (1551,172) (1467,88) (1583,144) (1584,112) (1521,175) (1491,175) (1529,56) (1559,56) (1464,119) (1463,147) (1587,84) (1461,179) (1589,52) (1441,32) (1471,32) (1563,200) (1439,60) (1437,91) (1501,28) (1531,28) (1561,24) (1591,24) (1431,189) (1436,4) (1466,4) (1496,0) (1526,0)
Solomon Islands(2122,1052)
Caucaus(1107,343) (1080,315) (1110,315) (1114,371) (1084,371) (1077,343) (1056,287) (1086,287) (1116,287) (1094,399) (1064,404) (1060,259) (1090,259) (1120,259) (1091,432) (1058,231) (1088,231) (1118,231) (1111,460) (1060,203) (1090,203) (1120,203) (1110,175)
Sweden(786,166) (777,138) (780,110)
Solomon Islands Sea Zone(2093,896) (2123,896) (2153,896) (2183,896) (2093,924) (2123,924) (2153,924) (2183,924) (2093,952) (2123,952) (2153,952) (2183,952) (2046,962) (2076,980) (2106,980) (2136,980) (2166,980) (2046,990) (2110,1008) (2140,1008) (2170,1008) (2046,1032) (2160,1036) (2109,1056) (2046,1060) (2076,1064) (2176,1064) (2106,1084) (2136,1087) (2046,1088) (2076,1092) (2166,1092) (2106,1112) (2136,1115) (2046,1116) (2076,1120) (2166,1120)
Baltic Sea Zone(825,171) (810,208) (751,222) (781,236)
Kwangtung(1730,589) (1733,561) (1749,617) (1719,617) (1689,630) (1689,602) (1731,533) (1737,645) (1707,658) (1701,506) (1698,478)
Congo Sea Zone(660,978) (630,995) (660,1006) (690,1006) (603,1023) (633,1034) (663,1034) (574,1051) (461,1060) (491,1060) (521,1060) (604,1062) (634,1062) (664,1062) (551,1079) (694,1087) (461,1088) (491,1088) (521,1088) (581,1090) (611,1090) (641,1090) (551,1107) (671,1115) (461,1116) (491,1116) (521,1116) (581,1118) (611,1118) (641,1118) (551,1135) (671,1143) (461,1144) (491,1144) (521,1144) (581,1146) (611,1146) (641,1146) (551,1163) (461,1172) (491,1172) (521,1172) (581,1174) (611,1174)
West Canada Sea Zone(2266,265) (2296,277) (2266,293) (2296,305) (2326,316) (2266,321) (2296,333) (2356,340) (2326,344) (2266,349)
South East Madagascar Sea Zone(1148,1339) (1178,1365) (1208,1365) (1238,1365) (1268,1365) (1129,1367) (1159,1393) (1189,1393) (1219,1393) (1249,1393) (1122,1395) (1152,1421) (1182,1421) (1212,1421) (1242,1421) (1272,1421) (1122,1423) (1152,1449) (1182,1449) (1212,1449) (1242,1449) (1272,1449) (1122,1451) (1152,1477) (1182,1477) (1212,1477) (1242,1477) (1272,1477) (1122,1479)
East US Sea Zone(223,488) (213,516) (243,516) (183,542) (213,544) (243,544) (163,570) (193,572) (223,572) (145,598) (175,600) (205,600) (235,600) (132,626) (162,628) (192,628) (222,628) (60,637) (0,641) (30,645) (136,656) (166,656) (196,656) (226,656) (60,665) (0,669)
North Australia Sea Zone(1736,1091) (1766,1091) (1796,1091) (1826,1091) (1856,1091) (1886,1091) (1916,1091) (1946,1091) (1976,1091) (2006,1091) (1709,1119) (1739,1119) (1853,1119) (1883,1119) (1913,1119) (1943,1119) (1973,1119) (2003,1119) (1698,1147) (1862,1147) (1933,1147) (1963,1147) (1993,1147) (1868,1175) (1945,1175) (1975,1175) (2005,1175) (1967,1203) (1997,1203) (1979,1231) (2009,1231) (2014,1350) (2003,1378)
East Argentina Sea Zone(277,1176) (257,1204) (287,1204) (317,1213) (347,1213) (222,1224) (252,1232) (282,1232) (312,1241) (342,1241) (372,1241) (213,1252) (243,1260) (273,1260) (303,1269) (333,1269) (363,1269) (183,1271) (213,1280) (243,1288) (273,1288) (303,1297) (333,1297) (363,1297) (175,1299) (205,1308) (235,1316) (265,1316)
Midway Sea Zone(2223,379) (2253,379) (2283,379) (2313,379) (2223,407) (2253,407) (2283,407) (2313,407) (2223,435) (2253,435) (2283,435) (2313,435) (2223,463) (2253,463) (2283,463) (2313,463) (2223,491) (2289,491) (2223,519) (2273,519) (2303,519) (2223,547) (2253,547) (2283,547) (2313,547) (2223,575) (2253,575) (2283,575) (2313,575) (2223,603) (2253,603) (2283,603) (2313,603) (2223,631) (2253,631) (2283,631) (2313,631)
French Indo China(1588,776) (1561,748) (1591,748) (1617,804) (1587,804) (1618,776) (1558,776) (1557,807) (1621,744) (1533,720) (1563,720) (1624,832) (1531,748) (1648,778) (1553,835) (1593,716) (1623,698) (1530,692) (1560,692) (1590,688) (1620,670) (1537,664) (1567,660) (1545,632)
Kazakh S.S.R.(1283,460) (1256,432) (1286,432) (1312,488) (1282,488) (1313,460) (1253,460) (1252,491) (1228,404) (1258,404) (1288,404) (1226,432) (1342,488) (1343,453) (1223,463) (1222,498) (1242,376) (1196,435) (1193,468)
Angola Sea Zone(731,1141) (704,1169) (734,1169) (675,1197) (705,1197) (660,1225) (690,1225) (720,1225) (660,1253) (690,1253) (720,1253) (660,1281) (690,1281) (720,1281) (660,1309) (690,1309) (720,1309) (750,1320) (660,1337) (690,1337) (720,1337) (750,1348) (660,1365) (690,1365) (720,1365) (750,1376) (780,1382) (660,1393) (690,1393) (720,1393) (750,1404) (780,1410) (660,1421) (690,1421) (720,1421) (750,1432) (780,1438) (660,1449) (690,1449) (720,1449) (810,1451) (750,1460) (780,1466) (660,1477) (690,1477) (720,1477) (810,1479)
New Guinea Sea Zone(1835,962) (1883,962) (1913,962) (1943,962) (1973,962) (2003,962) (1835,990) (1975,990) (2005,990) (1835,1018) (2003,1018) (1893,1036) (1835,1046) (1923,1061)
Mexico(2562,723) (2544,695) (2574,695) (2591,751) (2532,667) (2619,779) (2520,639)
Gibraltar(555,584)
Black Sea Zone(981,436) (1022,438) (958,464) (1026,466)
South Brazil Sea Zone(371,1013) (401,1013) (364,1041) (394,1041) (424,1041) (349,1069) (379,1069) (409,1069) (343,1097) (373,1097) (403,1097) (331,1125) (361,1125) (391,1125) (421,1125) (312,1153) (342,1153) (372,1153) (402,1153) (339,1181) (369,1181) (399,1181) (429,1181)
East Compass Sea Zone(1357,966) (1387,966) (1417,966) (1447,966) (1357,994) (1387,994) (1417,994) (1447,994) (1357,1022) (1387,1022) (1417,1022) (1447,1022) (1357,1050) (1387,1050) (1417,1050) (1447,1050) (1357,1078) (1387,1078) (1417,1078) (1447,1078) (1357,1106) (1387,1106) (1417,1106) (1447,1106) (1477,1116) (1357,1134) (1387,1134) (1417,1134) (1447,1134) (1477,1144) (1507,1146) (1357,1162) (1387,1162) (1417,1162) (1447,1162) (1477,1172) (1507,1174) (1357,1190) (1387,1190) (1417,1190) (1447,1190) (1477,1200) (1507,1202) (1357,1218) (1387,1218) (1417,1218) (1447,1218) (1477,1228) (1507,1230) (1357,1246) (1387,1246) (1417,1246) (1447,1246) (1477,1256) (1507,1258) (1357,1274) (1387,1274) (1417,1274) (1447,1274) (1477,1284) (1507,1286) (1357,1302) (1387,1302) (1417,1302) (1447,1302) (1477,1312) (1507,1314) (1357,1330) (1387,1330) (1417,1330) (1447,1330)
Carribean Sea Zone(0,700) (30,700) (60,700) (172,700) (202,700) (232,700) (0,728) (30,728) (60,728) (228,728) (90,735) (230,756) (170,758) (137,762) (65,763) (95,763) (200,766) (230,784) (167,786) (125,790) (61,791) (91,791) (197,794) (227,812) (155,814) (121,818) (185,822) (215,840) (245,840) (223,868)
South Pacific Sea Zone(2219,896) (2249,896) (2279,896) (2309,896) (2339,896) (2369,896) (2399,896) (2429,896) (2219,924) (2249,924) (2279,924) (2309,924) (2339,924) (2369,924) (2399,924) (2429,924) (2219,952) (2249,952) (2279,952) (2309,952) (2339,952) (2369,952) (2399,952) (2429,952) (2219,980) (2249,980) (2279,980) (2309,980) (2339,980) (2369,980) (2399,980) (2429,980) (2219,1008) (2249,1008) (2279,1008) (2309,1008) (2339,1008) (2369,1008) (2399,1008) (2429,1008) (2219,1036) (2249,1036) (2279,1036) (2309,1036) (2339,1036) (2369,1036) (2399,1036) (2429,1036) (2219,1064) (2249,1064) (2279,1064) (2309,1064) (2339,1064) (2369,1064) (2399,1064) (2429,1064) (2219,1092) (2249,1092) (2279,1092) (2309,1092) (2339,1092) (2369,1092) (2399,1092) (2429,1092) (2219,1120) (2249,1120) (2279,1120) (2309,1120) (2339,1120) (2369,1120) (2399,1120) (2429,1120)
Okinawa Sea Zone(1882,661) (1912,661) (1942,661) (1972,661) (2002,661) (1882,689) (1912,689) (1976,689) (2006,689) (1882,717) (1912,717) (1973,717) (2003,717) (1942,739) (1882,745) (1912,745) (1972,745) (2002,745) (1942,767)
East Canada(182,276) (179,248) (209,248) (211,304) (181,304) (212,276) (239,332) (209,332) (179,332) (241,304) (242,273) (105,353) (267,360) (237,360) (207,360) (177,360) (269,332) (147,363) (91,325) (117,381) (87,381) (77,170) (75,353) (242,388) (212,388) (182,388) (297,360) (152,391) (304,388) (61,325) (57,389) (122,409) (66,142) (96,142) (47,181) (46,297) (45,361) (218,416) (188,416) (158,419) (36,153) (35,209) (31,333) (27,393) (20,269) (19,241) (17,181) (16,305) (15,365) (6,153) (5,213) (1,337) (1,125)
Libya(796,712) (769,684) (799,684) (825,740) (795,740) (826,712) (766,712) (765,743) (829,680) (741,656) (833,768) (803,768) (739,684) (821,652) (736,715) (723,628)
West US Sea Zone(2348,379) (2348,407) (2378,410) (2348,435) (2348,463) (2348,491) (2348,519) (2378,533) (2348,547) (2378,561) (2348,575) (2378,589) (2408,590) (2348,603) (2378,617) (2408,618) (2348,631)
West Panama Sea Zone(0,837) (30,860) (0,865) (30,888) (0,893) (30,916) (0,921)
Caroline Islands Sea Zone(1882,798) (1912,798) (1942,798) (1972,798) (2002,798) (2032,809) (1882,826) (1912,826) (1942,826) (1972,826) (2002,826) (2032,837) (1882,854) (1912,854) (2023,865) (2053,865) (1882,882) (1941,888) (2007,893) (2037,893) (1971,899) (1835,903) (1865,910) (1895,915) (1925,916) (2001,921) (2031,921) (2061,921) (1955,927) (1835,931)
Caspian Sea Zone(1135,406) (1155,457)
Persia(1181,595) (1154,567) (1184,567) (1210,623) (1211,595) (1151,600) (1214,563) (1126,539) (1156,539) (1124,572) (1240,623) (1186,535) (1216,535) (1121,620) (1091,609)
South Australia Sea Zone(1514,1365) (1544,1365) (1574,1365) (1514,1393) (1544,1393) (1574,1393) (1774,1405) (1728,1408) (1514,1421) (1544,1421) (1574,1421) (1980,1428) (2010,1428) (1681,1432) (1758,1433) (1788,1433) (1711,1436) (1604,1447) (1634,1448) (1514,1449) (1544,1449) (1574,1449) (1958,1456) (1988,1456) (1664,1460) (1818,1460) (1741,1461) (1771,1461) (1694,1464) (1604,1475) (1634,1476) (1514,1477) (1544,1477) (1574,1477) (1848,1479) (1935,1484) (1965,1484) (1995,1484)
South Europe(827,463) (765,439) (795,436) (825,435) (856,491) (751,467) (735,439) (841,402) (705,444)
East Canada Sea Zone(213,112) (243,112) (273,112) (303,112) (333,112) (363,112) (172,140) (202,140) (232,140) (262,140) (292,140) (322,140) (352,140) (382,140) (142,168) (172,168) (202,168) (232,168) (262,168) (292,168) (322,168) (352,168) (382,168) (112,186) (142,196) (216,196) (246,196) (276,196) (306,196) (336,196) (366,196) (82,206) (112,214) (142,224) (248,224) (278,224) (308,224) (338,224) (368,224) (68,234) (98,242) (128,252) (285,252) (315,252) (345,252) (375,252) (60,262) (90,270) (120,280) (296,280) (326,280) (356,280) (386,280) (316,308) (346,308) (376,308) (336,336) (366,336) (343,364) (373,364) (355,392) (385,392) (367,420) (312,437) (342,448) (372,448) (282,463) (312,465) (342,476) (372,476)
Sinkiang(1489,523) (1462,495) (1492,495) (1518,551) (1488,551) (1519,523) (1459,523) (1458,554) (1522,491) (1434,467) (1464,467) (1541,579) (1511,579) (1432,495) (1481,582) (1451,582) (1494,463) (1524,463) (1429,526) (1428,554) (1552,491) (1421,589) (1447,439) (1514,607) (1484,610) (1454,610) (1477,435) (1507,435) (1537,435) (1399,522) (1499,638) (1483,407)
Italian East Africa(1072,934) (1045,906) (1096,962) (1066,962) (1102,911) (1042,934) (1036,970) (1017,878) (1075,990) (1015,906) (1012,942) (1005,850)
New Zealand Sea Zone(2046,1158) (2076,1158) (2106,1158) (2136,1158) (2166,1158) (2196,1158) (2226,1158) (2256,1158) (2286,1158) (2316,1158) (2346,1158) (2376,1158) (2406,1158) (2436,1158) (2466,1158) (2496,1158) (2526,1158) (2556,1158) (2586,1158) (2616,1158) (2046,1186) (2076,1186) (2106,1186) (2136,1186) (2166,1186) (2196,1186) (2226,1186) (2256,1186) (2286,1186) (2316,1186) (2346,1186) (2376,1186) (2406,1186) (2436,1186) (2466,1186) (2496,1186) (2526,1186) (2556,1186) (2586,1186) (2616,1186) (2046,1214) (2076,1214) (2106,1214) (2136,1214) (2166,1214) (2196,1214) (2226,1214) (2256,1214) (2286,1214) (2316,1214) (2346,1214) (2376,1214) (2406,1214) (2436,1214) (2466,1214) (2496,1214) (2526,1214) (2556,1214) (2586,1214) (2616,1214) (2046,1242) (2076,1242) (2106,1242) (2136,1242) (2166,1242) (2196,1242) (2226,1242) (2256,1242) (2286,1242) (2316,1242) (2346,1242) (2376,1242) (2406,1242) (2436,1242) (2466,1242) (2496,1242) (2526,1242) (2556,1242) (2586,1242) (2616,1242) (2046,1270) (2076,1270) (2156,1270) (2186,1270) (2216,1270) (2246,1270) (2276,1270) (2306,1270) (2336,1270) (2366,1270) (2396,1270) (2426,1270) (2456,1270) (2486,1270) (2516,1270) (2546,1270) (2576,1270) (2606,1270) (2046,1298) (2076,1298) (2207,1298) (2237,1298) (2267,1298) (2297,1298) (2327,1298) (2357,1298) (2387,1298) (2417,1298) (2447,1298) (2477,1298) (2507,1298) (2537,1298) (2567,1298) (2597,1298) (2627,1298) (2106,1307) (2046,1326) (2076,1326) (2207,1326) (2237,1326) (2267,1326) (2297,1326) (2327,1326) (2357,1326) (2387,1326) (2417,1326) (2447,1326) (2477,1326) (2507,1326) (2537,1326) (2567,1326) (2597,1326) (2627,1326) (2046,1354) (2076,1354) (2196,1354) (2226,1354) (2256,1354) (2286,1354) (2316,1354) (2346,1354) (2376,1354) (2406,1354) (2436,1354) (2466,1354) (2496,1354) (2526,1354) (2556,1354) (2586,1354) (2616,1354) (2166,1374) (2046,1382) (2076,1382) (2196,1382) (2226,1382) (2256,1382) (2286,1382) (2316,1382) (2346,1382) (2376,1382) (2406,1382) (2436,1382) (2466,1382) (2496,1382) (2526,1382) (2556,1382) (2586,1382) (2616,1382) (2164,1402) (2046,1410) (2194,1410) (2224,1410) (2254,1410) (2284,1410) (2314,1410) (2344,1410) (2374,1410) (2404,1410) (2434,1410) (2464,1410) (2494,1410) (2524,1410) (2554,1410) (2584,1410) (2614,1410) (2152,1430) (2182,1438) (2212,1438) (2242,1438) (2272,1438) (2302,1438) (2332,1438) (2362,1438) (2392,1438) (2422,1438) (2452,1438) (2482,1438) (2512,1438) (2542,1438) (2572,1438) (2602,1438) (2140,1458) (2170,1466) (2200,1466) (2230,1466) (2260,1466) (2290,1466) (2320,1466) (2350,1466) (2380,1466) (2410,1466) (2440,1466) (2470,1466) (2500,1466) (2530,1466) (2560,1466) (2590,1466) (2620,1466) (2046,1467) (2076,1479) (2106,1483) (2136,1486)
Central Mediteranean Sea Zone(723,496) (753,521) (723,524) (834,528) (753,549) (723,552) (819,556) (849,556) (783,563) (813,584) (843,584) (758,591) (788,612) (845,612)
Hawaii Sea Zone(2203,661) (2233,661) (2263,661) (2293,661) (2323,661) (2353,661) (2383,661) (2413,661) (2203,689) (2233,689) (2263,689) (2293,689) (2323,689) (2353,689) (2383,689) (2413,689) (2203,717) (2307,717) (2337,717) (2367,717) (2397,717) (2427,717) (2233,735) (2263,743) (2203,745) (2360,745) (2390,745) (2420,745) (2293,751) (2233,763) (2263,771) (2203,773) (2367,773) (2397,773) (2427,773) (2293,779) (2233,791) (2263,799) (2203,801) (2363,801) (2393,801) (2423,801) (2293,807) (2323,809) (2233,819) (2263,827) (2203,829) (2353,829) (2383,829) (2413,829) (2293,835) (2323,837) (2233,847) (2263,855) (2203,857) (2353,857) (2383,857) (2413,857) (2293,863) (2323,865)
West Australia Sea Zone(1553,1162) (1583,1162) (1613,1162) (1643,1162) (1553,1190) (1583,1190) (1613,1190) (1643,1190) (1553,1218) (1583,1218) (1553,1246) (1583,1246) (1553,1274) (1583,1274) (1553,1302) (1553,1330)
Mexico Sea Zone(2461,665) (2461,693) (2461,721) (2491,724) (2461,749) (2491,752) (2521,753) (2461,777) (2491,780) (2521,781) (2551,796) (2461,805) (2491,808) (2521,809) (2581,822) (2551,824) (2461,833) (2611,833) (2491,836) (2521,837) (2581,850) (2551,852) (2461,861) (2611,861) (2491,864) (2521,865) (2581,878) (2551,880) (2461,889) (2611,889) (2491,892) (2521,893) (2581,906) (2551,908) (2461,917) (2611,917) (2491,920) (2521,921) (2581,934) (2551,936)
Borneo Celebes(1726,961)
Karelia S.S.R.(1078,101) (1051,73) (1081,73) (1107,129) (1077,129) (1108,101) (1048,101) (1047,132) (1111,69) (1079,45) (1021,73) (1138,97) (1109,41) (1139,41) (1018,104) (1017,154) (1141,69) (991,76) (1147,13) (1169,41) (988,126) (987,160) (1177,3) (961,98) (1199,31) (958,132) (1207,0) (928,134) (928,106) (1237,0) (908,36) (898,80)
Soviet Far East Sea Zone(2094,185) (1944,210) (2074,213) (2000,224) (1920,238) (1950,238) (2082,241) (1980,252) (1945,266) (2010,267) (2086,269) (1975,280) (2005,295) (2075,297) (2072,325)
Algeria(627,701) (600,673) (630,673) (656,729) (626,729) (657,701) (597,701) (660,669) (572,645) (602,645) (684,757) (654,757) (570,673) (686,729) (687,697) (632,641) (662,641) (690,669) (602,617) (542,645) (637,613) (667,613)
West US(2533,556) (2506,528) (2536,528) (2562,584) (2532,584) (2563,556) (2503,556) (2502,585) (2566,524) (2478,500) (2508,500) (2590,612) (2560,612) (2476,528) (2592,584) (2593,552) (2538,496) (2568,496) (2473,557) (2472,585) (2596,524) (2598,492) (2450,472) (2480,472) (2595,640) (2448,500) (2620,612) (2446,529) (2510,468) (2540,468) (2622,580) (2623,552) (2443,557) (2570,464) (2600,464) (2626,520) (2628,492) (2630,460) (2422,444) (2452,444) (2420,472) (2418,501) (2482,440) (2512,440) (2542,436) (2572,436) (2602,432)
North Atlantic Sea Zone(277,516) (307,516) (337,516) (367,516) (277,544) (307,544) (337,544) (367,544) (277,572) (307,572) (337,572) (367,572) (277,600) (307,600) (337,600) (367,600) (277,628) (307,628) (337,628) (367,628) (277,656) (307,656) (337,656) (367,656) (277,684) (307,684) (337,684) (367,684) (277,712) (307,712) (337,712) (367,712) (277,740) (307,740) (337,740) (367,740) (277,768) (307,768) (337,768) (367,768)
Philipines(1800,778)
Borneo Sea Zone(1768,903) (1798,903) (1776,931) (1675,976) (1673,1004) (1741,1016) (1703,1017) (1771,1021) (1801,1029) (1733,1044) (1763,1049) (1793,1057)
West Africa Sea Zone(418,680) (448,680) (418,708) (448,708) (418,736) (418,764) (418,792) (418,820) (418,848) (448,874) (418,876) (448,902) (418,904) (448,930) (418,932) (478,950) (448,958) (418,960) (478,978) (508,978) (538,991) (461,1006) (491,1006) (521,1019)
Wake Island(2127,740)
North Brazil Sea Zone(277,802) (307,802) (337,802) (367,802) (277,830) (307,830) (337,830) (367,830) (277,858) (307,858) (337,858) (367,858) (277,886) (307,886) (337,886) (367,886) (286,914) (316,914) (346,914) (376,914) (336,942) (366,942) (367,970)
West Canada(2496,210) (2469,182) (2499,182) (2525,238) (2495,238) (2526,210) (2466,210) (2465,241) (2529,178) (2441,154) (2471,154) (2553,266) (2523,266) (2439,182) (2555,238) (2556,206) (2493,269) (2463,269) (2501,150) (2531,150) (2436,213) (2435,241) (2559,178) (2433,273) (2561,146) (2413,126) (2443,126) (2581,294) (2551,294) (2411,154) (2583,266) (2521,297) (2491,297) (2409,185) (2473,122) (2503,122) (2585,234) (2586,206) (2406,213) (2461,301) (2431,301) (2405,245) (2533,118) (2563,118) (2589,174) (2403,273) (2591,146) (2401,305) (2593,114) (2385,98) (2415,98) (2609,322) (2579,322) (2383,126) (2611,294) (2549,325) (2519,325) (2381,157) (2445,94) (2475,94) (2613,262) (2379,185) (2615,234) (2616,202) (2489,329) (2459,329) (2505,90) (2535,90) (2376,217) (2375,245) (2619,174) (2429,333) (2399,333) (2373,277) (2565,86) (2595,86) (2621,142) (2623,114) (2625,82) (2383,70) (2413,70) (2631,350) (2601,350) (2571,353) (2541,353) (2443,66) (2473,66) (2511,357) (2481,357) (2349,189) (2503,62) (2533,62) (2346,217) (2451,361) (2421,361) (2563,58) (2593,58) (2623,54) (2391,42) (2631,378) (2601,378) (2571,381) (2541,381) (2421,38) (2451,38) (2511,385) (2481,385) (2481,34) (2511,34) (2451,389) (2541,30) (2571,30) (2601,26) (2631,26) (2399,10) (2429,10) (2459,6) (2489,6) (2519,2) (2549,2)
Philipines Sea Zone(1839,648) (1810,676) (1840,676) (1800,704) (1830,704) (1808,732) (1838,732) (1741,746) (1813,760) (1843,760) (1714,774) (1844,788) (1744,798) (1714,802) (1744,826) (1850,829) (1714,830) (1774,833) (1804,845) (1744,854) (1834,857) (1714,858) (1774,861) (1804,873)
India(1387,729) (1360,701) (1390,701) (1416,757) (1386,757) (1417,729) (1357,729) (1356,760) (1420,697) (1332,673) (1362,673) (1393,785) (1330,701) (1447,725) (1363,788) (1333,788) (1392,669) (1422,669) (1327,732) (1326,760) (1450,697) (1452,668) (1304,645) (1334,645) (1302,673) (1386,816) (1356,816) (1300,704) (1364,641) (1394,641) (1480,696) (1373,844) (1272,676) (1342,613) (1372,613) (1353,585) (1353,557)
China(1647,527) (1620,499) (1650,499) (1676,555) (1646,555) (1617,527) (1616,558) (1592,471) (1622,471) (1652,471) (1651,583) (1590,499) (1621,586) (1591,586) (1587,530) (1586,558) (1596,443) (1626,443) (1656,443) (1635,614) (1605,614) (1680,415)
Peru Sea Zone(0,974) (0,1002) (30,1012) (0,1030) (30,1040) (0,1058) (30,1068) (60,1073) (0,1086) (90,1091) (30,1096) (60,1101) (0,1114) (90,1119) (30,1124) (60,1129) (0,1142) (90,1147) (30,1152) (60,1157) (0,1170) (90,1175) (30,1180) (60,1185) (0,1198) (90,1203) (30,1208) (60,1213) (0,1226) (30,1236) (60,1241) (90,1252) (0,1254) (30,1264) (60,1269) (90,1280) (0,1282) (30,1292) (60,1297) (90,1308) (0,1310)
North Sea Zone(418,56) (448,56) (478,56) (508,56) (538,56) (568,56) (632,56) (662,56) (692,56) (722,56) (418,84) (448,84) (478,84) (508,84) (633,84) (663,84) (693,84) (723,84) (418,112) (516,112) (629,112) (659,112) (618,140) (648,140) (520,143) (621,168) (651,168) (681,187) (625,196) (491,206) (418,210) (448,214) (655,215) (685,215) (478,234) (418,238) (448,242) (637,243) (667,243) (418,266) (448,270) (611,271) (499,287) (566,293) (418,294) (529,296) (448,298) (478,315) (418,322) (508,324) (538,324)
East Europe(913,333) (886,305) (916,305) (942,361) (912,361) (883,333) (882,380) (876,277) (906,277) (947,389) (917,389) (887,408) (872,249) (902,249) (947,417) (917,417) (844,221) (874,221) (904,221) (923,445) (893,445) (868,193) (898,193) (928,188)
East Pacific Sea Zone(2461,974) (2491,974) (2521,974) (2551,974) (2581,974) (2611,974) (2461,1002) (2491,1002) (2521,1002) (2551,1002) (2581,1002) (2611,1002) (2461,1030) (2491,1030) (2521,1030) (2551,1030) (2581,1030) (2611,1030) (2461,1058) (2491,1058) (2521,1058) (2551,1058) (2581,1058) (2611,1058) (2461,1086) (2491,1086) (2521,1086) (2551,1086) (2581,1086) (2611,1086) (2461,1114) (2491,1114) (2521,1114) (2551,1114) (2581,1114) (2611,1114)
Eire(473,167)
Soviet Far East(1988,162) (2018,142) (1960,134) (1958,181) (2034,170) (1990,114) (2020,114) (2039,220) (2048,142) (2050,110) (1932,106) (1930,153) (1915,181) (1962,86) (1992,86) (2022,82) (2052,82) (2078,138) (2080,110) (1904,78) (2082,78) (1902,125) (1900,153) (1891,209) (1905,269) (1885,181) (1934,58) (1964,58) (1994,54) (2024,54) (1878,241) (1876,50) (2054,50) (2084,50) (1875,284) (1874,97) (1872,125) (1870,153) (1914,297) (1861,213) (1906,30) (1936,30) (1855,185) (1966,26) (1996,26) (2114,25) (1848,256) (1850,22) (2026,22) (2056,22) (1846,69) (1845,286) (1844,97) (1842,125) (1840,157) (1831,228) (1880,2) (1910,2) (1825,200)
Columbia(145,906) (175,899) (118,878) (115,906) (148,871) (101,946) (88,878) (85,918) (71,946)
Indian Ocean Sea Zone(1248,715) (1248,743) (1278,747) (1248,771) (1458,774) (1278,775) (1248,799) (1432,802) (1278,803) (1248,827) (1424,830) (1454,830) (1278,831) (1308,849) (1248,855) (1408,858) (1438,858) (1278,859) (1308,877) (1248,883) (1393,886) (1423,886) (1453,886) (1278,887) (1308,905) (1338,910) (1248,911) (1373,914) (1403,914) (1433,914) (1278,915) (1308,933)
Congo(837,1059) (810,1031) (840,1031) (866,1087) (836,1087) (867,1059) (807,1059) (806,1090) (870,1027) (782,1003) (812,1003) (780,1031) (896,1087) (897,1055) (813,1118) (842,999) (872,999) (777,1062) (776,1090) (900,1027) (902,997) (752,1003) (750,1034) (747,1062)
South Atlantic Sea Zone(406,1213) (436,1213) (466,1213) (496,1213) (526,1213) (556,1213) (586,1213) (616,1213) (406,1241) (436,1241) (466,1241) (496,1241) (526,1241) (556,1241) (586,1241) (616,1241) (406,1269) (436,1269) (466,1269) (496,1269) (526,1269) (556,1269) (586,1269) (616,1269) (406,1297) (436,1297) (466,1297) (496,1297) (526,1297) (556,1297) (586,1297) (616,1297) (406,1325) (436,1325) (466,1325) (496,1325) (526,1325) (556,1325) (586,1325) (616,1325)
South Africa Sea Zone(1072,1348) (1042,1376) (1072,1376) (981,1377) (1011,1377) (1041,1404) (1071,1404) (954,1405) (984,1405) (1014,1432) (1044,1432) (1074,1432) (933,1433) (963,1433) (902,1448) (859,1451) (993,1460) (1023,1460) (1053,1460) (1083,1460) (932,1461) (962,1461) (889,1476) (848,1479)
Mozambique Sea Zone(1075,1052) (1105,1052) (1047,1080) (1077,1080) (1107,1080) (1044,1108) (1074,1108) (1104,1108) (1056,1136) (1086,1136) (1116,1136) (1064,1164) (1094,1164) (1064,1192) (1094,1192) (1048,1220) (1078,1220) (1024,1248) (1054,1248) (1013,1276) (1043,1276) (1073,1276) (1013,1304) (1043,1304) (994,1332) (1024,1332)
Manchuria(1824,413) (1797,385) (1827,385) (1824,441) (1794,443) (1794,415) (1857,381) (1769,357) (1799,357) (1767,387) (1816,471) (1829,353) (1859,353) (1764,444) (1764,416) (1887,381) (1889,349) (1788,329) (1820,499) (1737,388) (1818,325) (1848,325) (1734,432) (1800,297)
Afghanistan(1314,573) (1286,545) (1316,545) (1284,589)
French West Africa(569,840) (542,812) (572,812) (598,868) (568,868) (599,840) (539,840) (538,871) (602,808) (514,784) (544,784) (613,896) (583,896) (628,868) (629,836) (553,899) (523,899) (574,780) (604,780) (632,808) (493,900) (496,756) (526,756) (610,924) (580,927) (550,927) (556,752) (520,928) (494,728) (524,728) (606,955) (576,955) (499,700) (529,700)
Mozambique(978,1278) (974,1232) (1005,1206) (993,1178) (1023,1178)
Japan Sea Zone(1955,332) (2016,332) (1952,360) (2063,387) (1939,388) (2026,410) (2056,415) (1914,416) (1884,431) (2019,438) (1944,439) (2049,443) (1914,444) (1863,459) (2019,466) (2049,471) (1893,472) (1855,487) (2019,494) (2049,499) (2008,522) (2038,527) (1971,535) (1941,550) (2001,550) (2031,555) (2061,555) (1812,563) (1971,563) (1936,578) (2001,578) (2031,583) (2061,583) (1966,591) (1890,602) (1920,606) (1996,606) (2026,611) (2056,611) (1950,619) (1879,630)
Russia(1289,208) (1262,180) (1292,180) (1318,236) (1288,236) (1319,208) (1259,208) (1258,239) (1322,176) (1234,152) (1264,152) (1334,264) (1304,264) (1232,180) (1349,204) (1274,267) (1244,267) (1294,148) (1324,148) (1229,211) (1228,239) (1352,176) (1354,144) (1214,283) (1206,124) (1236,124) (1322,292) (1204,152) (1292,295) (1262,295) (1202,183) (1266,120) (1296,120) (1379,204) (1199,211) (1198,255) (1326,116) (1356,116) (1382,172) (1384,144) (1386,112) (1232,311) (1202,311) (1184,283) (1193,96) (1223,96) (1303,323) (1273,323) (1174,155) (1253,92) (1283,92) (1172,183) (1313,88) (1343,88) (1169,227) (1168,255) (1373,84) (1403,84) (1172,332) (1243,339) (1213,339) (1216,68) (1291,351) (1246,64) (1276,64) (1306,60) (1336,60) (1366,56) (1396,56) (1183,360) (1275,36) (1305,32) (1335,32) (1365,28) (1395,28) (1287,4) (1317,4) (1347,0) (1377,0)
Karelia Sea Zone(923,0) (953,0) (983,0) (1013,0) (1043,0) (1073,0) (993,28)
Alaska Sea Zone(2125,198) (2125,226) (2125,254) (2222,281) (2190,293) (2125,299) (2155,300) (2220,309) (2185,321) (2125,327) (2155,328) (2215,337) (2185,349)
Argentina-Chile(181,1226) (154,1198) (184,1198) (151,1248) (144,1285) (214,1185) (137,1313) (132,1170) (162,1170) (244,1158) (192,1157) (136,1142) (166,1129)
Antartic Sea Zone(406,1377) (436,1377) (466,1377) (496,1377) (526,1377) (556,1377) (586,1377) (616,1377) (406,1405) (436,1405) (466,1405) (496,1405) (526,1405) (556,1405) (586,1405) (616,1405) (406,1433) (436,1433) (466,1433) (496,1433) (526,1433) (556,1433) (586,1433) (616,1433) (406,1461) (436,1461) (466,1461) (496,1461) (526,1461) (556,1461) (586,1461) (616,1461)
West Europe(661,352) (637,324) (645,380) (631,352) (615,398) (676,284) (645,425) (615,426)
Spain(567,499) (540,471) (570,471) (579,527) (549,527) (537,499) (600,468) (600,496) (519,538) (512,443) (542,443) (510,471) (507,510)
Turkey(1030,532) (1003,504) (1055,504) (1060,532) (1000,534) (970,541) (970,513)
Rio del Oro(485,820) (487,848) (461,773)
Angola(822,1196) (795,1168) (825,1168) (841,1224) (811,1224) (792,1196) (781,1237) (776,1140)
Caroline Islands(1967,886)
Cuba(164,738)
East Indies Sea Zone(1490,968) (1596,985) (1490,996) (1608,1013) (1490,1024) (1638,1026) (1490,1052) (1663,1054) (1499,1080) (1529,1093) (1559,1116) (1639,1118) (1589,1123)
Kenya-Rhodesnia(970,1111) (943,1083) (973,1083) (958,1139) (1000,1121) (940,1111) (1003,1073) (928,1153) (942,1055) (972,1055) (958,1167) (1002,1045) (898,1160) (898,1132) (954,1027) (984,1017) (1014,1017)
Midway(2276,507)
Red Sea Zone(997,726) (1013,754) (1217,760) (1025,782) (1216,788) (1037,810) (1201,816) (1171,834) (1060,838) (1201,844) (1141,854) (1171,862) (1111,871) (1201,872) (1173,900) (1203,900) (1166,928) (1196,928) (1151,956) (1181,956) (1211,956) (1139,984) (1169,984) (1199,984) (1111,1012) (1141,1012) (1171,1012) (1201,1012)
Ukraine S.S.R.(1009,309) (982,281) (1012,281) (1021,337) (991,337) (979,309) (954,253) (984,253) (1014,253) (1037,365) (1007,365) (958,225) (988,225) (1018,225) (1006,197)
French Indo China Sea Zone(1490,796) (1682,808) (1490,824) (1663,836) (1490,852) (1659,864) (1490,880) (1620,880) (1520,881) (1650,892) (1680,892) (1627,920) (1657,920) (1618,948)
West Compass Sea Zone(1248,966) (1278,966) (1308,966) (1248,994) (1278,994) (1308,994) (1248,1022) (1278,1022) (1308,1022) (1248,1050) (1278,1050) (1308,1050) (1150,1052) (1180,1052) (1210,1052) (1240,1078) (1270,1078) (1300,1078) (1150,1080) (1180,1080) (1210,1080) (1240,1106) (1270,1106) (1300,1106) (1150,1108) (1180,1108) (1210,1108) (1240,1134) (1270,1134) (1300,1134) (1150,1136) (1180,1136) (1210,1136) (1240,1162) (1270,1162) (1300,1162) (1150,1164) (1180,1164) (1210,1164) (1240,1190) (1270,1190) (1300,1190) (1181,1192) (1211,1218) (1241,1218) (1271,1218) (1301,1218) (1185,1246) (1215,1246) (1245,1246) (1275,1246) (1305,1246) (1172,1274) (1202,1274) (1232,1274) (1262,1274) (1292,1274) (1322,1274) (1169,1302) (1199,1302) (1229,1302) (1259,1302) (1289,1302) (1319,1302) (1198,1330) (1228,1330) (1258,1330) (1288,1330) (1318,1330)
Australia(1814,1314) (1787,1286) (1817,1286) (1843,1342) (1813,1342) (1844,1314) (1784,1314) (1783,1345) (1847,1282) (1759,1258) (1789,1258) (1871,1370) (1841,1370) (1757,1286) (1873,1342) (1874,1310) (1811,1373) (1767,1373) (1819,1254) (1849,1254) (1754,1317) (1753,1345) (1877,1282) (1879,1250) (1737,1379) (1731,1230) (1761,1230) (1899,1398) (1869,1398) (1729,1258) (1901,1370) (1839,1401) (1727,1289) (1791,1226) (1821,1226) (1903,1338) (1904,1310) (1724,1317) (1723,1351) (1851,1222) (1881,1222) (1907,1278) (1909,1250) (1911,1218) (1707,1379) (1703,1202) (1733,1202) (1927,1426) (1897,1426) (1701,1230) (1929,1398) (1867,1429) (1699,1261) (1763,1198) (1793,1198) (1931,1366) (1697,1289) (1933,1338) (1934,1306) (1694,1323) (1693,1351) (1937,1278) (1910,1190) (1939,1246) (1677,1402) (1907,1454) (1671,1233) (1768,1170) (1798,1170) (1669,1261) (1961,1366) (1667,1295) (1963,1334) (1964,1306) (1664,1323) (1663,1374) (1647,1407) (1791,1142) (1639,1267) (1637,1295) (1634,1346) (1633,1379)
East Mediteranean Sea Zone(917,571) (947,571) (887,599) (917,599) (947,599) (882,627) (912,627)
Wake Island Sea Zone(2050,661) (2080,661) (2110,661) (2140,661) (2170,661) (2050,689) (2080,689) (2110,689) (2140,689) (2170,689) (2050,717) (2080,717) (2140,717) (2170,717) (2050,745) (2080,745) (2140,745) (2170,745) (2110,751) (2053,773) (2140,773) (2170,773) (2083,779) (2113,801) (2143,801) (2093,829) (2123,829) (2153,829) (2093,857) (2123,857) (2153,857)
Saudi Arabia(1135,762) (1108,734) (1138,734) (1164,790) (1134,790) (1165,762) (1105,762) (1104,793) (1168,730) (1080,706) (1110,706) (1078,734) (1119,821) (1140,702) (1170,702) (1075,765) (1200,702) (1072,678) (1102,678) (1132,674)
Japan(1961,494) (1976,466) (1931,513) (1980,438) (1901,530) (2011,378)
Okinawa(1961,723)
Hawaiian Islands(2324,758)
South Africa(876,1321) (849,1293) (879,1293) (905,1349) (875,1349) (906,1321) (846,1321) (845,1352) (909,1289) (868,1265) (923,1377) (893,1377) (819,1293) (935,1349) (863,1380) (833,1380) (898,1261) (928,1261) (816,1324) (815,1352) (903,1405) (873,1408) (843,1408) (789,1296) (872,1233) (902,1233) (891,1205)
United Kingdom(563,188) (563,160) (592,216) (533,205) (559,132) (567,248) (537,260) (567,104)
New Zealand(2129,1384) (2117,1412) (2156,1337) (2087,1429)
Panama(15,800)
Peru(129,1053) (158,1081) (159,1052) (99,1048) (74,1009)
Kwangtung Sea Zone(1800,609) (1787,637) (1701,719)
West Spain Sea Zone(418,355) (448,355) (478,355) (508,355) (538,355) (568,355) (418,383) (448,383) (478,383) (508,383) (538,383) (568,383) (418,411) (448,411) (418,439) (448,439) (418,467) (448,467) (418,495) (448,495) (418,523) (448,523) (418,551) (448,551) (478,563) (418,579) (448,579) (478,591) (418,607) (448,607) (478,619) (418,635) (448,635) (478,647)
North Pacific Sea Zone(2097,379) (2127,379) (2157,379) (2187,379) (2097,407) (2127,407) (2157,407) (2187,407) (2097,435) (2127,435) (2157,435) (2187,435) (2097,463) (2127,463) (2157,463) (2187,463) (2097,491) (2127,491) (2157,491) (2187,491) (2097,519) (2127,519) (2157,519) (2187,519) (2097,547) (2127,547) (2157,547) (2187,547) (2097,575) (2127,575) (2157,575) (2187,575) (2097,603) (2127,603) (2157,603) (2187,603) (2097,631) (2127,631) (2157,631) (2187,631)
New Guinea(1950,1022)
Mongolia(1640,370) (1613,342) (1643,342) (1670,370) (1610,393) (1673,338) (1583,365) (1583,337) (1580,393) (1553,365) (1553,337)
Syria Jordan(1041,646) (1014,618) (1044,618) (1033,674) (1011,646) (1016,590) (1046,590)
Yakut S.S.R.(1744,179) (1717,151) (1747,151) (1773,207) (1743,207) (1774,179) (1714,179) (1713,210) (1777,147) (1689,123) (1719,123) (1780,235) (1750,235) (1687,151) (1720,238) (1690,238) (1749,119) (1779,119) (1684,182) (1683,210) (1661,95) (1691,95) (1771,263) (1660,263) (1809,94) (1659,123) (1741,266) (1711,266) (1657,154) (1721,91) (1751,91) (1654,182) (1653,235) (1633,67) (1663,67) (1681,291) (1651,291) (1781,66) (1811,66) (1631,95) (1630,263) (1757,294) (1727,294) (1629,126) (1693,63) (1723,63) (1627,154) (1624,39) (1654,39) (1753,38) (1783,38) (1684,35) (1714,35) (1624,11) (1654,11) (1744,10) (1774,10) (1804,10) (1684,7) (1714,7)
South Compass Sea Zone(1306,1365) (1336,1365) (1366,1365) (1396,1365) (1426,1365) (1456,1365) (1306,1393) (1336,1393) (1366,1393) (1396,1393) (1426,1393) (1456,1393) (1306,1421) (1336,1421) (1366,1421) (1396,1421) (1426,1421) (1456,1421) (1306,1449) (1336,1449) (1366,1449) (1396,1449) (1426,1449) (1456,1449) (1306,1477) (1336,1477) (1366,1477) (1396,1477) (1426,1477) (1456,1477)
Alaska(2276,157) (2249,129) (2279,129) (2301,185) (2271,185) (2306,157) (2246,157) (2309,125) (2241,192) (2223,101) (2253,101) (2301,213) (2271,213) (2219,129) (2283,97) (2313,97) (2216,164) (2241,220) (2211,222) (2211,194) (2237,73) (2267,69) (2297,69) (2327,69) (2181,221) (2242,41) (2272,41) (2302,41) (2332,41) (2235,13) (2265,13) (2295,13) (2325,13) (2355,13)
Anglo Sudan Egypt(939,829) (912,801) (942,801) (962,857) (932,857) (969,829) (909,829) (972,797) (902,866) (884,773) (914,773) (960,885) (882,801) (944,769) (974,769) (879,838) (930,894) (900,894) (872,866) (880,745) (910,745) (940,741) (947,922) (917,922) (887,922) (880,717) (910,717) (940,713) (943,950) (913,950) (880,689) (910,689) (880,661) (910,661)
Novosibirsk(1471,349) (1444,321) (1474,321) (1452,377) (1441,349) (1504,317) (1422,398) (1416,293) (1446,293) (1414,321) (1476,289) (1506,289) (1411,370) (1536,285) (1402,426) (1392,398) (1388,265) (1418,265) (1386,293) (1384,342) (1448,261) (1478,261) (1381,370) (1508,257) (1538,257) (1568,253) (1568,281) (1362,420) (1402,237) (1432,233) (1462,233) (1354,342) (1351,392)
Finland Norway(841,126) (843,72) (783,60) (813,60) (871,110) (843,44) (735,134) (723,166)
East Indies(1577,1063) (1571,1018) (1607,1078) (1559,990) (1547,1057) (1541,1029) (1539,962)
South Argentina Sea Zone(1,1346) (31,1346) (61,1346) (91,1346) (176,1350) (206,1350) (236,1350) (266,1350) (296,1350) (326,1350) (356,1350) (0,1374) (30,1374) (60,1374) (90,1374) (179,1378) (209,1378) (239,1378) (269,1378) (299,1378) (329,1378) (359,1378) (120,1382) (0,1402) (30,1402) (60,1402) (90,1402) (150,1406) (180,1406) (210,1406) (240,1406) (270,1406) (300,1406) (330,1406) (360,1406) (120,1410) (0,1430) (30,1430) (60,1430) (90,1430) (150,1434) (180,1434) (210,1434) (240,1434) (270,1434) (300,1434) (330,1434) (360,1434) (120,1438) (0,1458) (30,1458) (60,1458) (90,1458) (150,1462) (180,1462) (210,1462) (240,1462) (270,1462) (300,1462) (330,1462) (360,1462) (120,1466) (0,1486) (30,1486) (60,1486) (90,1486)
Switzerland(708,405)
West Mediteranean Sea Zone(668,481) (651,509) (681,509) (621,530) (651,537) (681,537) (610,558) (640,565) (670,565) (573,582)
Madagascar(1132,1278) (1123,1306) (1115,1250) (1145,1243)
Germany(784,339) (757,311) (787,311) (813,367) (783,367) (814,339) (754,339) (817,307) (743,283) (773,283) (727,311) (803,279) (724,361) (833,265) (697,328)
French Equatorial Africa(768,883) (741,855) (771,855) (797,911) (767,911) (798,883) (738,883) (737,914) (801,851) (713,827) (743,827) (825,939) (795,939) (711,855) (827,911) (765,942) (735,942) (773,823) (803,823) (708,886) (707,914) (705,946) (685,799) (715,799) (683,827) (681,858) (745,795) (678,886) (677,918) (647,946)
Brazil(234,1036) (207,1008) (237,1008) (263,1064) (233,1064) (264,1036) (204,1036) (267,1004) (179,980) (209,980) (291,1092) (261,1092) (231,1092) (177,1008) (293,1064) (294,1032) (239,976) (269,976) (297,1004) (299,972) (151,952) (181,952) (269,1120) (149,980) (211,948) (241,948) (327,1000) (119,1004)
East US(119,554) (92,526) (122,526) (105,582) (89,554) (152,519) (75,598) (64,498) (94,498) (62,526) (59,570) (124,491) (154,491) (45,604) (36,470) (34,498) (32,542) (29,576) (15,608) (8,442) (38,442) (6,470) (4,514) (2,548)
