East Canada < (4,76) (7,421) (67,423) (108,445) (129,480) (168,481) (190,466) (207,465) (228,444) (235,444) (238,475) (258,475) (273,474) (286,462) (291,459) (309,457) (318,447) (297,438) (286,442) (276,432) (271,427) (267,433) (252,433) (247,424) (255,421) (265,418) (276,412) (288,406) (294,399) (306,399) (307,421) (318,426) (331,433) (348,436) (364,442) (367,436) (363,426) (351,411) (337,396) (337,387) (343,382) (339,379) (337,354) (306,325) (304,318) (291,298) (286,280) (283,264) (277,259) (259,273) (249,274) (244,234) (195,222) (189,229) (181,240) (180,255) (175,274) (168,277) (168,282) (175,291) (175,298) (159,324) (157,330) (157,342) (157,351) (160,363) (144,364) (123,327) (112,327) (103,318) (94,318) (78,295) (70,298) (55,286) (51,268) (52,247) (70,240) (69,211) (96,198) (102,205) (112,202) (115,183) (108,175) (109,169) (126,169) (133,175) (142,175) (148,166) (183,136) (168,117) (154,117) (142,138) (126,120) (115,129) (103,106) (81,102) (55,108) (43,118) (7,76)  >
East Canada Sea Zone < (243,477) (282,519) (417,520) (420,4) (3,1) (9,292) (228,450)  >
East US < (4,424) (64,426) (106,450) (127,483) (168,481) (190,466) (207,469) (225,450) (243,481) (214,496) (213,511) (216,517) (189,535) (186,544) (171,555) (174,567) (163,573) (163,585) (153,598) (138,613) (133,682) (126,688) (117,684) (120,669) (114,664) (112,645) (87,639) (82,633) (67,634) (58,646) (54,645) (48,637) (6,642)  >
Panama < (4,768) (13,780) (31,778) (63,759) (70,781) (49,795) (48,807) (61,813) (69,840) (87,840) (103,852) (90,867) (76,868) (57,865) (36,847) (18,826) (3,829)  >
Columbia < (279,924) (259,907) (238,906) (225,897) (216,882) (178,855) (150,856) (142,873) (138,876) (132,867) (136,861) (138,853) (135,850) (126,850) (112,852) (88,870) (73,871) (69,895) (82,913) (82,927) (72,936) (72,946) (58,948) (48,960) (43,979) (52,979) (73,978) (84,982) (93,987) (100,982) (112,987) (120,985) (132,979) (136,937) (154,936) (174,933) (187,933) (216,931) (238,916) (250,928) (271,930) (274,919) (261,907) (235,903) (216,894) (214,876) (196,876) (177,858)  >
Carribean Sea Zone < (279,925) (277,708) (6,706) (6,796) (64,853) (99,883) (190,913) (234,921)  >
Brazil < (139,939) (174,936) (217,933) (232,924) (241,922) (249,931) (273,933) (277,927) (283,927) (285,940) (292,948) (301,951) (318,951) (321,961) (333,970) (352,976) (367,993) (370,1008) (372,1026) (367,1042) (355,1051) (354,1065) (345,1078) (346,1104) (337,1110) (334,1123) (294,1153) (283,1158) (252,1155) (247,1147) (238,1140) (223,1128) (220,1113) (220,1086) (204,1068) (204,1062) (195,1054) (183,1048) (175,1042) (175,1036) (160,1023) (136,1038) (124,1038) (112,1026) (108,1021) (105,991) (120,985) (133,981) (139,939) (213,933)  >
North Brazil Sea Zone < (280,807) (271,1006) (420,1014) (418,808)  >
Peru < (138,1135) (159,1126) (172,1131) (192,1119) (198,1110) (217,1110) (219,1084) (204,1075) (202,1062) (174,1047) (174,1032) (162,1024) (136,1039) (121,1039) (109,1026) (103,1015) (105,991) (105,988) (87,988) (76,979) (49,981) (46,988) (51,1006) (58,1006) (63,1011) (64,1024) (76,1036) (79,1045) (82,1053) (90,1062) (90,1072) (100,1077) (108,1084) (112,1090) (124,1089) (133,1098) (135,1111) (138,1116)  >
Argentina-Chile < (214,1111) (199,1113) (192,1120) (174,1134) (165,1129) (156,1129) (139,1140) (138,1156) (135,1177) (130,1197) (135,1233) (130,1246) (124,1255) (126,1270) (136,1278) (132,1288) (135,1336) (138,1348) (145,1378) (154,1387) (178,1389) (178,1380) (163,1374) (162,1356) (171,1341) (175,1317) (177,1302) (187,1287) (183,1278) (193,1260) (207,1263) (217,1251) (225,1240) (223,1221) (232,1221) (244,1216) (256,1209) (279,1188) (280,1171) (289,1156) (252,1155) (238,1143) (219,1131) (216,1110) (202,1111)  >
Peru Sea Zone < (1,978) (43,979) (156,1065) (183,1174) (157,1312) (150,1348) (3,1348) (3,1014)  >
South Argentina Sea Zone < (4,1351) (406,1353) (408,1516) (3,1518)  >
South Brazil Sea Zone < (343,1212) (462,1212) (460,1015) (373,1018) (288,1159)  >
South Atlantic Sea Zone < (409,1218) (664,1215) (661,1377) (409,1377)  >
Antartic Sea Zone < (411,1378) (661,1378) (663,1518) (411,1519)  >
Gibraltar < (540,582) (553,571) (568,568) (577,583) (568,598) (558,603) (544,589)  >
Spain < (540,580) (552,570) (568,567) (577,580) (588,580) (609,562) (610,552) (624,531) (636,529) (660,505) (658,490) (607,453) (601,445) (594,435) (573,427) (538,423) (519,418) (504,424) (499,432) (499,441) (501,457) (499,477) (486,510) (483,529) (496,540) (493,559) (510,564) (519,570) (526,568) (540,579)  >
Eire < (438,214) (463,213) (466,219) (481,219) (486,214) (492,213) (508,196) (513,196) (517,195) (517,172) (519,171) (522,159) (516,156) (516,150) (525,145) (519,142) (510,138) (505,144) (496,145) (480,130) (471,135) (471,150) (463,160) (448,159) (447,175) (445,184) (442,192) (439,202) (436,208) (444,211)  >
United Kingdom < (496,291) (514,283) (528,282) (538,295) (543,303) (565,301) (570,294) (598,295) (607,289) (598,282) (598,273) (624,273) (639,252) (639,244) (627,220) (612,207) (612,190) (621,190) (624,174) (606,151) (631,132) (624,114) (612,112) (637,88) (621,82) (604,91) (598,91) (579,90) (571,102) (567,121) (552,141) (559,148) (561,160) (561,168) (564,193) (556,201) (547,196) (531,199) (531,211) (523,219) (532,229) (522,241) (523,247) (538,246) (547,238) (556,234) (565,243) (568,252) (552,258) (540,262) (525,265) (520,270) (507,273) (493,280)  >
West Europe < (703,477) (697,487) (678,484) (673,480) (666,492) (606,444) (604,357) (601,351) (585,346) (579,345) (579,339) (598,336) (604,342) (610,340) (613,322) (622,324) (627,336) (637,334) (637,321) (657,321) (661,306) (682,282) (691,282) (699,279) (720,277) (727,271) (732,261) (733,253) (730,241) (738,229) (750,216) (754,229) (751,246) (747,252) (747,259) (747,273) (748,282) (742,288) (727,291) (720,294) (714,301) (709,310) (708,315) (700,318) (688,346) (693,352) (711,372) (708,384) (699,388) (690,391) (681,400) (673,409) (673,418) (673,429) (684,432) (694,436) (703,436) (703,444) (702,474) (693,484) (673,481) (669,484)  >
Switzerland < (711,385) (685,400) (678,411) (679,427) (696,429) (706,433) (733,435) (748,438) (757,436) (756,396) (745,391) (724,396)  >
Finland Norway < (738,207) (757,195) (763,169) (771,165) (772,132) (805,94) (826,91) (834,96) (843,97) (849,103) (852,114) (846,124) (841,138) (840,153) (846,163) (862,171) (870,171) (888,157) (897,157) (903,144) (907,141) (907,121) (900,109) (889,97) (883,73) (880,60) (885,51) (886,40) (873,31) (873,15) (852,15) (837,24) (822,34) (811,37) (787,57) (786,67) (781,72) (780,85) (772,91) (768,100) (747,124) (739,126) (715,142) (712,157) (708,165) (709,184) (721,201) (735,207) (748,196) (762,196)  >
Sweden < (795,231) (820,210) (820,189) (829,178) (828,172) (817,165) (817,147) (826,136) (841,102) (829,97) (808,96) (777,130) (775,166) (763,172) (763,196) (768,219) (786,223)  >
West Canada < (2406,6) (2338,217) (2337,253) (2349,259) (2358,274) (2365,298) (2365,313) (2394,343) (2397,352) (2394,384) (2406,405) (2416,415) (2421,408) (2418,393) (2424,393) (2427,412) (2430,420) (2661,421) (2667,6) (2412,4)  >
West US < (2427,426) (2410,441) (2409,486) (2415,495) (2410,504) (2407,525) (2415,550) (2428,565) (2451,598) (2463,619) (2511,613) (2514,618) (2542,619) (2553,627) (2553,639) (2568,648) (2578,657) (2586,658) (2587,673) (2602,678) (2610,691) (2620,693) (2626,670) (2635,669) (2653,646) (2662,424)  >
Mexico < (2469,621) (2508,622) (2539,625) (2553,639) (2569,655) (2602,688) (2622,696) (2625,733) (2643,760) (2652,775) (2664,780) (2662,822) (2655,832) (2638,828) (2611,823) (2590,796) (2541,723) (2545,706) (2535,694) (2515,657) (2512,642) (2499,645) (2503,661) (2518,687) (2524,712) (2523,726) (2509,706) (2496,678) (2490,660) (2478,646) (2473,621)  >
Alaska < (2400,4) (2355,280) (2361,298) (2356,315) (2346,312) (2341,292) (2334,277) (2319,277) (2311,252) (2302,256) (2289,264) (2277,256) (2257,256) (2254,270) (2247,280) (2239,268) (2226,276) (2202,292) (2187,294) (2170,297) (2161,297) (2157,292) (2167,285) (2182,277) (2196,270) (2196,256) (2184,249) (2172,244) (2169,243) (2169,232) (2163,223) (2160,217) (2163,204) (2175,210) (2182,207) (2191,202) (2196,190) (2191,178) (2184,171) (2184,168) (2188,163) (2196,160) (2205,166) (2214,151) (2208,132) (2220,132) (2221,124) (2220,117) (2223,106) (2227,87) (2242,73) (2238,57) (2235,49) (2232,24) (2254,6) (2332,4)  >
West Canada Sea Zone < (2265,259) (2266,373) (2398,382) (2442,270) (2293,237)  >
Midway < (2272,526) (2290,516) (2293,498) (2275,496) (2265,514)  >
Midway Sea Zone < (2224,382) (2347,384) (2347,660) (2223,661)  >
Hawaiian Islands < (2262,726) (2362,769) (2374,783) (2367,814) (2355,817) (2335,790) (2338,777) (2254,739) (2253,729)  >
Hawaii Sea Zone < (2208,664) (2458,666) (2464,894) (2203,891) (2205,676)  >
North Pacific Sea Zone < (2101,384) (2224,384) (2220,660) (2100,660)  >
Alaska Sea Zone < (2127,379) (2266,378) (2253,4) (2194,4) (2193,130) (2125,201)  >
Algeria < (742,763) (732,777) (696,793) (666,804) (541,679) (514,682) (526,664) (526,649) (553,613) (559,612) (567,621) (600,624) (610,615) (619,613) (628,612) (636,618) (646,609) (657,603) (670,610) (696,607) (714,600) (726,597) (726,616) (717,625) (717,636) (721,646) (729,661) (738,675) (730,685) (723,706) (720,717) (732,726) (733,732) (729,741) (727,744)  >
French West Africa < (513,685) (538,685) (663,805) (669,817) (667,844) (664,864) (664,913) (655,916) (642,928) (645,945) (645,955) (643,981) (633,987) (612,994) (586,1002) (568,993) (561,982) (537,979) (510,952) (498,943) (496,931) (492,918) (483,885) (522,883) (531,876) (529,856) (517,852) (519,834) (525,825) (520,819) (510,814) (502,796) (499,759) (495,748) (478,747) (481,741) (489,739) (489,724) (511,687) (540,687)  >
Rio del Oro < (475,879) (525,877) (525,859) (513,853) (514,832) (522,823) (516,817) (508,816) (502,798) (498,784) (493,754) (486,748) (474,753) (469,768) (460,775) (457,781) (463,805) (474,813) (477,837) (477,861)  >
French Equatorial Africa < (643,982) (679,976) (708,976) (724,1012) (748,993) (780,1000) (798,981) (810,981) (819,985) (837,988) (844,976) (850,981) (870,975) (906,972) (903,961) (888,957) (873,933) (867,888) (858,882) (861,834) (745,762) (735,771) (724,783) (690,796) (670,808) (667,918) (652,921) (646,939) (649,954)  >
Libya < (864,832) (865,786) (877,783) (885,657) (838,639) (823,649) (807,670) (793,657) (789,655) (777,642) (760,642) (757,640) (757,618) (750,610) (760,606) (750,597) (729,601) (729,618) (721,625) (720,642) (735,669) (735,679) (727,702) (726,711) (730,718) (735,733) (730,739) (754,762) (834,810)  >
Congo < (906,973) (930,1000) (949,996) (958,1006) (955,1042) (946,1048) (945,1105) (877,1135) (840,1146) (819,1147) (807,1137) (813,1122) (771,1120) (756,1128) (748,1113) (727,1089) (714,1060) (727,1015) (751,999) (774,1003) (792,993) (808,987) (819,990) (841,979) (858,982) (883,975) (895,976)  >
Angola < (766,1275) (790,1269) (816,1266) (829,1275) (844,1279) (856,1273) (867,1270) (874,1227) (880,1222) (894,1221) (892,1200) (876,1189) (880,1183) (876,1170) (873,1146) (855,1143) (844,1150) (817,1152) (807,1138) (805,1131) (811,1123) (771,1123) (757,1132) (771,1150) (780,1174) (784,1189) (780,1201) (768,1224) (762,1239) (760,1248)  >
South Africa < (897,1200) (907,1192) (921,1197) (939,1201) (958,1212) (964,1221) (957,1225) (952,1231) (955,1243) (964,1257) (975,1258) (979,1266) (973,1273) (972,1282) (969,1291) (969,1303) (973,1309) (976,1324) (972,1330) (969,1338) (967,1341) (973,1348) (987,1353) (985,1372) (981,1381) (970,1384) (961,1392) (957,1396) (957,1411) (948,1425) (933,1440) (916,1449) (898,1452) (891,1452) (882,1447) (870,1449) (861,1453) (850,1456) (841,1455) (828,1438) (829,1431) (825,1407) (823,1387) (807,1371) (799,1354) (790,1342) (787,1332) (780,1318) (774,1294) (771,1270) (783,1272) (796,1270) (811,1270) (823,1272) (832,1279) (852,1278) (865,1273) (871,1266) (879,1222) (891,1224) (895,1207)  >
Mozambique < (990,1351) (973,1339) (979,1324) (975,1309) (972,1302) (972,1288) (978,1272) (981,1264) (976,1258) (969,1252) (961,1245) (955,1237) (955,1228) (964,1219) (976,1216) (985,1219) (993,1230) (999,1233) (1005,1225) (1008,1219) (1002,1215) (994,1206) (991,1204) (993,1192) (993,1177) (993,1167) (999,1164) (1009,1168) (1018,1168) (1027,1165) (1032,1161) (1041,1155) (1048,1152) (1057,1159) (1059,1170) (1060,1176) (1063,1182) (1066,1198) (1060,1207) (1054,1215) (1053,1221) (1041,1231) (1032,1234) (1032,1243) (1014,1248) (1008,1255) (1008,1264) (1008,1275) (1011,1282) (1012,1297) (1014,1309) (1011,1315) (1002,1323) (994,1333)  >
Madagascar < (1096,1326) (1104,1339) (1105,1351) (1107,1363) (1113,1372) (1120,1372) (1131,1369) (1141,1363) (1153,1336) (1159,1327) (1162,1311) (1165,1305) (1168,1276) (1179,1275) (1182,1261) (1186,1258) (1189,1246) (1182,1245) (1185,1222) (1177,1213) (1171,1198) (1167,1200) (1167,1212) (1155,1222) (1150,1225) (1144,1231) (1135,1236) (1131,1243) (1123,1245) (1122,1240) (1113,1248) (1113,1255) (1117,1267) (1113,1275) (1117,1281) (1117,1294) (1114,1306) (1107,1309) (1099,1312) (1099,1326) (1099,1336) (1104,1339) (1107,1351) (1111,1368)  >
Kenya-Rhodesnia < (961,1008) (1002,1011) (1017,991) (1024,1005) (1032,1017) (1042,1006) (1054,1005) (1060,1014) (1062,1036) (1075,1048) (1069,1059) (1053,1075) (1044,1087) (1041,1098) (1030,1119) (1039,1125) (1045,1137) (1045,1150) (1038,1153) (1015,1161) (1003,1161) (993,1159) (988,1162) (988,1204) (993,1210) (1002,1216) (1002,1224) (994,1227) (988,1221) (982,1216) (966,1216) (952,1204) (942,1197) (918,1194) (912,1188) (907,1188) (901,1188) (897,1192) (885,1192) (879,1191) (877,1171) (874,1156) (873,1150) (873,1135) (889,1135) (900,1129) (921,1123) (936,1113) (943,1110) (945,1050) (957,1041) (958,1011)  >
Italian East Africa < (1078,1050) (1126,999) (1128,988) (1144,985) (1152,961) (1167,925) (1170,918) (1167,895) (1162,904) (1150,909) (1132,910) (1126,915) (1099,913) (1093,907) (1081,903) (1081,897) (1093,891) (1072,880) (1057,862) (1048,849) (1041,837) (1026,820) (1018,820) (1020,837) (1009,843) (1008,852) (1005,874) (996,879) (994,886) (994,900) (999,907) (993,916) (988,927) (988,936) (988,940) (979,948) (975,954) (981,967) (991,973) (991,984) (1011,985) (1017,994) (1024,994) (1026,1006) (1036,1011) (1045,1000) (1060,1009) (1066,1032)  >
Anglo Sudan Egypt < (1021,817) (1021,802) (1011,784) (1002,765) (993,753) (993,733) (988,720) (954,666) (942,660) (933,657) (910,658) (891,655) (885,654) (879,784) (865,784) (867,831) (861,843) (861,882) (871,891) (871,909) (871,928) (886,948) (900,960) (909,969) (916,981) (934,996) (945,996) (954,996) (961,1005) (1002,1005) (1012,993) (1008,988) (990,982) (988,972) (978,964) (972,955) (982,946) (985,933) (987,922) (996,907) (994,901) (991,879) (1002,873) (1006,846) (1015,832) (1018,825)  >
Syria Jordan < (964,660) (991,687) (1000,667) (1008,667) (1003,688) (1003,697) (1014,703) (1030,723) (1038,736) (1047,739) (1060,727) (1062,714) (1066,700) (1075,678) (1081,669) (1122,669) (1122,658) (1105,643) (1093,642) (1083,634) (1080,616) (1092,603) (1108,561) (1108,555) (1099,555) (1092,561) (1086,564) (1038,567) (1027,579) (1018,591) (1005,606) (1005,618) (996,633) (975,646) (963,654) (969,669)  >
Saudi Arabia < (1048,741) (1062,766) (1060,795) (1071,811) (1087,822) (1096,831) (1096,861) (1102,876) (1107,877) (1125,859) (1140,853) (1162,849) (1185,826) (1200,822) (1215,802) (1218,766) (1231,751) (1234,706) (1192,675) (1168,658) (1158,649) (1137,651) (1122,664) (1102,669) (1089,669) (1081,673) (1065,718) (1059,730)  >
Persia < (1167,648) (1155,633) (1161,628) (1180,630) (1186,631) (1189,643) (1204,654) (1210,663) (1216,670) (1228,663) (1251,682) (1258,678) (1261,672) (1270,667) (1281,667) (1288,664) (1288,646) (1284,637) (1272,631) (1272,618) (1281,613) (1267,598) (1260,582) (1254,573) (1254,562) (1257,553) (1257,534) (1227,529) (1222,532) (1213,529) (1206,525) (1198,525) (1192,534) (1186,540) (1179,541) (1167,534) (1161,513) (1152,513) (1144,519) (1135,519) (1122,511) (1122,538) (1125,547) (1123,556) (1110,558) (1102,579) (1098,592) (1084,616) (1086,630) (1096,636) (1105,642) (1116,648) (1123,658) (1126,661) (1134,646) (1152,646)  >
Turkey < (1029,568) (1009,567) (999,571) (988,574) (982,576) (969,570) (961,570) (954,553) (945,549) (940,538) (949,532) (954,519) (970,517) (976,508) (987,505) (996,508) (1003,495) (1024,493) (1032,498) (1039,501) (1044,508) (1059,505) (1071,504) (1075,496) (1086,496) (1092,502) (1102,502) (1108,508) (1119,516) (1119,528) (1122,549) (1099,556) (1081,556) (1056,559) (1048,561)  >
South Europe < (706,477) (733,477) (748,484) (753,498) (774,511) (786,519) (795,532) (801,546) (807,559) (820,562) (820,547) (811,537) (814,532) (829,532) (838,532) (835,520) (805,498) (795,501) (784,486) (792,469) (805,466) (813,471) (816,481) (847,501) (855,511) (873,534) (882,549) (883,558) (889,568) (897,570) (903,564) (904,553) (910,546) (904,543) (897,535) (907,528) (915,516) (918,505) (906,498) (892,492) (885,474) (885,466) (894,460) (880,448) (877,445) (874,430) (880,409) (874,397) (864,394) (852,396) (843,409) (826,420) (807,424) (804,426) (783,427) (771,426) (759,414) (757,435) (750,438) (720,436) (711,436) (703,451)  >
Germany < (870,393) (883,378) (867,354) (876,346) (877,322) (861,307) (877,283) (867,270) (846,259) (834,270) (796,279) (787,282) (774,276) (754,273) (750,285) (738,295) (727,295) (717,298) (711,310) (703,321) (696,337) (696,346) (705,357) (712,364) (712,384) (727,385) (735,390) (754,390) (759,402) (762,414) (769,423) (784,423) (810,421) (826,415) (841,403)  >
East Europe < (844,220) (856,213) (859,201) (865,186) (894,172) (912,177) (924,177) (939,165) (946,166) (954,175) (963,178) (963,214) (958,232) (949,250) (949,280) (957,289) (958,313) (964,327) (963,342) (978,354) (985,363) (984,379) (984,408) (994,415) (994,424) (978,439) (973,454) (961,459) (955,462) (955,493) (936,505) (921,502) (907,493) (897,489) (889,474) (895,460) (882,445) (874,436) (879,405) (874,394) (880,384) (886,373) (874,361) (871,352) (879,345) (879,315) (864,303) (879,283) (862,264)  >
Ukraine S.S.R. < (994,423) (1009,418) (1015,427) (1009,435) (1017,442) (1024,444) (1029,436) (1041,426) (1027,417) (1029,411) (1036,406) (1045,403) (1056,402) (1065,397) (1069,394) (1080,385) (1077,366) (1065,352) (1053,334) (1044,312) (1056,304) (1057,285) (1063,277) (1063,264) (1057,258) (1056,232) (1065,226) (1063,201) (1053,202) (1029,184) (1023,189) (1017,190) (1008,199) (990,201) (967,178) (967,213) (955,244) (951,253) (951,274) (957,283) (961,300) (958,315) (967,322) (963,340) (987,363) (984,384) (981,391) (991,414)  >
Karelia S.S.R. < (1068,201) (1068,186) (1080,177) (1098,177) (1105,180) (1119,178) (1131,171) (1143,171) (1165,157) (1150,150) (1153,144) (1165,142) (1185,129) (1189,109) (1200,84) (1207,72) (1233,61) (1249,57) (1279,39) (1284,19) (1291,4) (1158,4) (1144,27) (1132,39) (1126,25) (1120,25) (1114,33) (1093,36) (1084,45) (1074,51) (1069,55) (1063,48) (1069,37) (1066,34) (1050,46) (1029,52) (1023,63) (1020,69) (1005,69) (996,61) (993,46) (987,46) (982,57) (984,66) (984,73) (975,79) (981,91) (979,97) (964,97) (954,90) (954,102) (937,102) (909,75) (909,58) (919,63) (925,69) (942,69) (966,70) (963,57) (960,48) (949,43) (937,37) (928,33) (924,24) (903,22) (883,21) (877,16) (877,28) (885,33) (885,45) (885,57) (885,70) (888,79) (889,91) (898,102) (906,112) (909,127) (909,139) (901,151) (903,163) (909,168) (915,172) (925,169) (930,166) (937,162) (945,162) (949,168) (957,171) (966,174) (975,180) (984,189) (1008,198) (1014,192) (1017,186) (1026,183) (1038,184) (1044,193) (1053,198)  >
Caucaus < (1150,508) (1159,490) (1153,475) (1141,463) (1129,441) (1128,420) (1135,408) (1153,394) (1158,382) (1152,348) (1173,337) (1171,315) (1167,300) (1173,253) (1167,205) (1159,175) (1144,175) (1128,175) (1117,181) (1092,181) (1080,183) (1069,186) (1069,199) (1068,208) (1068,225) (1062,238) (1062,256) (1066,262) (1062,283) (1062,298) (1050,310) (1050,322) (1059,339) (1077,363) (1080,382) (1071,396) (1066,412) (1057,424) (1053,430) (1060,447) (1068,453) (1074,462) (1089,468) (1095,475) (1092,490) (1104,499) (1119,508) (1138,513)  >
Russia < (1158,382) (1173,382) (1183,394) (1186,417) (1212,412) (1225,391) (1239,384) (1246,375) (1255,369) (1267,367) (1276,379) (1285,379) (1290,384) (1318,385) (1324,378) (1332,360) (1342,343) (1345,330) (1366,315) (1375,312) (1375,304) (1371,291) (1369,285) (1378,279) (1380,253) (1408,234) (1434,229) (1435,217) (1426,202) (1426,193) (1432,183) (1444,165) (1438,4) (1294,4) (1290,12) (1285,24) (1279,40) (1266,51) (1243,58) (1221,69) (1209,72) (1191,120) (1191,123) (1176,136) (1158,145) (1162,154) (1162,162) (1153,169) (1162,174) (1168,207) (1173,240) (1171,280) (1177,327) (1153,346) (1162,372)  >
Angola Sea Zone < (664,1518) (850,1516) (850,1458) (777,1231) (792,1194) (774,1132) (754,1125) (666,1212)  >
Congo Sea Zone < (468,1210) (661,1209) (751,1126) (727,978) (708,982) (639,985) (567,1063) (466,1065)  >
West Africa Sea Zone < (466,1051) (567,1057) (631,990) (511,685) (424,685) (427,1008) (465,1009)  >
West Spain Sea Zone < (514,681) (423,679) (423,358) (600,360) (598,454) (529,540) (531,648)  >
North Sea Zone < (420,358) (673,352) (727,274) (730,189) (730,144) (873,13) (873,4) (423,6)  >
West Mediteranean Sea Zone < (532,643) (726,597) (723,493) (706,478) (496,469)  >
Karelia Sea Zone < (861,124) (1131,117) (1188,4) (855,9)  >
Central Mediteranean Sea Zone < (922,495) (921,574) (883,609) (879,661) (804,678) (724,621) (696,486) (756,453) (859,439) (919,505)  >
East Mediteranean Sea Zone < (885,609) (922,577) (1038,573) (1018,645) (964,657) (955,675) (883,666)  >
South Africa Sea Zone < (853,1459) (853,1518) (1122,1515) (1122,1311) (1096,1332) (1045,1378) (984,1380) (874,1417)  >
Mozambique Sea Zone < (988,1380) (1047,1378) (1119,1317) (1153,1243) (1153,1054) (1074,1057) (985,1138) (987,1329)  >
South East Madagascar Sea Zone < (1125,1516) (1311,1518) (1308,1365) (1206,1369) (1156,1321) (1129,1371)  >
South Compass Sea Zone < (1312,1369) (1516,1369) (1515,1516) (1314,1518)  >
West Compass Sea Zone < (1359,1362) (1359,970) (1254,972) (1252,1053) (1152,1056) (1161,1323) (1197,1357)  >
Red Sea Zone < (1249,687) (1191,598) (936,613) (960,916) (1072,1047) (1246,1053) (1248,699)  >
New Zealand < (2137,1480) (2139,1458) (2146,1449) (2157,1423) (2166,1407) (2166,1387) (2158,1378) (2167,1375) (2182,1374) (2188,1360) (2200,1354) (2206,1348) (2209,1332) (2206,1321) (2199,1318) (2191,1321) (2185,1323) (2163,1306) (2161,1291) (2149,1276) (2140,1272) (2127,1272) (2124,1276) (2125,1288) (2131,1296) (2140,1306) (2148,1327) (2158,1341) (2151,1350) (2136,1360) (2127,1368) (2125,1392) (2118,1404) (2109,1414) (2097,1420) (2089,1423) (2088,1437) (2082,1452) (2074,1464) (2083,1476) (2098,1476) (2122,1480)  >
New Zealand Sea Zone < (2050,1164) (2662,1164) (2661,1518) (2050,1512)  >
East Pacific Sea Zone < (2466,979) (2664,976) (2664,1155) (2466,1161)  >
Mexico Sea Zone < (2463,624) (2469,976) (2664,976) (2664,808) (2503,624)  >
South Pacific Sea Zone < (2221,900) (2223,1156) (2463,1159) (2460,898)  >
Wake Island < (2110,745) (2122,753) (2137,756) (2146,750) (2133,730) (2119,729)  >
Wake Island Sea Zone < (2053,667) (2205,669) (2203,894) (2097,895) (2095,843) (2052,796)  >
Okinawa < (1971,741) (1981,714) (1966,706) (1951,711) (1948,732)  >
Okinawa Sea Zone < (1887,669) (2052,663) (2049,798) (1884,798)  >
Solomon Islands < (2074,1042) (2107,1062) (2121,1062) (2164,1087) (2184,1086) (2170,1065) (2157,1056) (2098,1030)  >
Solomon Islands Sea Zone < (2218,1156) (2217,903) (2100,901) (2094,963) (2049,966) (2052,1155)  >
East Compass Sea Zone < (1489,973) (1488,1102) (1555,1167) (1557,1368) (1360,1359) (1366,966)  >
Australia < (1929,1161) (1945,1186) (1947,1212) (1965,1225) (1975,1234) (1978,1260) (1992,1276) (2013,1281) (2019,1290) (2010,1303) (2017,1320) (2026,1330) (2019,1338) (2013,1354) (2007,1368) (2007,1390) (2001,1407) (1984,1440) (1969,1453) (1957,1465) (1957,1479) (1947,1482) (1932,1489) (1923,1494) (1915,1495) (1900,1494) (1885,1491) (1873,1479) (1858,1471) (1845,1458) (1830,1446) (1836,1437) (1830,1435) (1821,1434) (1812,1417) (1807,1407) (1791,1407) (1764,1407) (1740,1408) (1710,1428) (1695,1434) (1680,1435) (1671,1440) (1663,1443) (1654,1450) (1629,1449) (1624,1434) (1620,1420) (1617,1408) (1626,1399) (1618,1356) (1611,1323) (1621,1317) (1621,1290) (1615,1279) (1615,1267) (1644,1237) (1656,1233) (1666,1233) (1702,1198) (1726,1185) (1734,1171) (1738,1161) (1749,1159) (1752,1176) (1768,1185) (1768,1162) (1780,1162) (1800,1137) (1812,1140) (1827,1141) (1840,1150) (1855,1150) (1866,1150) (1855,1176) (1854,1194) (1867,1197) (1879,1207) (1900,1209) (1912,1218) (1912,1191) (1923,1174)  >
South Australia Sea Zone < (2041,1513) (2049,1428) (1989,1428) (1809,1407) (1701,1398) (1618,1371) (1522,1371) (1519,1515) (2007,1513)  >
North Australia Sea Zone < (2049,1428) (2047,1096) (1738,1095) (1701,1129) (1699,1192) (1905,1264) (1998,1330) (1993,1428)  >
West Australia Sea Zone < (1695,1141) (1699,1198) (1671,1230) (1620,1263) (1615,1368) (1560,1363) (1558,1168) (1671,1165) (1680,1153)  >
East Indies < (1711,1111) (1693,1119) (1684,1122) (1674,1123) (1662,1113) (1644,1116) (1638,1125) (1612,1126) (1605,1120) (1593,1120) (1539,1080) (1537,1060) (1528,1048) (1528,1029) (1525,1005) (1524,984) (1516,939) (1534,942) (1554,955) (1570,964) (1582,976) (1593,996) (1596,1008) (1609,1033) (1603,1051) (1615,1069) (1639,1077) (1651,1072) (1665,1072) (1665,1086) (1672,1090) (1693,1092)  >
Borneo Celebes < (1762,927) (1777,939) (1761,969) (1774,976) (1809,963) (1825,960) (1824,978) (1822,1006) (1816,1021) (1803,1021) (1780,1015) (1768,1011) (1777,1002) (1761,996) (1752,1009) (1746,1017) (1732,1017) (1723,1005) (1711,987) (1707,964) (1717,954) (1753,930)  >
Philipines < (1798,714) (1803,736) (1807,754) (1807,766) (1815,780) (1821,793) (1828,804) (1854,820) (1852,835) (1842,841) (1824,844) (1810,844) (1804,835) (1813,817) (1809,810) (1788,798) (1773,798) (1743,795) (1768,781) (1771,766) (1780,757) (1780,733) (1785,721)  >
Borneo Sea Zone < (1716,906) (1834,907) (1834,1090) (1735,1089) (1651,1008) (1713,943)  >
Philipines Sea Zone < (1879,903) (1719,901) (1716,772) (1851,634) (1876,657) (1884,789)  >
East Indies Sea Zone < (1495,921) (1561,918) (1731,1089) (1674,1156) (1561,1165) (1494,1098) (1498,934)  >
India < (1375,916) (1408,873) (1408,855) (1423,847) (1423,825) (1419,814) (1429,808) (1444,789) (1464,774) (1479,768) (1488,747) (1497,736) (1518,723) (1521,709) (1533,699) (1530,690) (1512,670) (1506,669) (1489,673) (1477,667) (1474,654) (1465,652) (1438,628) (1413,610) (1407,595) (1404,586) (1401,549) (1386,544) (1357,555) (1353,561) (1351,579) (1351,598) (1344,607) (1342,615) (1329,615) (1308,621) (1300,633) (1285,631) (1287,643) (1293,652) (1285,667) (1270,667) (1260,678) (1252,687) (1266,699) (1275,709) (1285,720) (1291,738) (1314,744) (1324,744) (1318,760) (1323,787) (1324,816) (1330,838) (1341,859) (1359,888)  >
Indian Ocean Sea Zone < (1492,747) (1489,969) (1246,966) (1249,691) (1350,693) (1438,739) (1465,736)  >
Afghanistan < (1390,544) (1390,534) (1381,529) (1339,526) (1333,538) (1323,538) (1317,534) (1299,532) (1296,537) (1285,541) (1266,546) (1258,549) (1257,565) (1258,576) (1267,589) (1276,606) (1279,616) (1272,624) (1278,634) (1285,636) (1287,631) (1297,631) (1300,628) (1308,621) (1336,615) (1342,607) (1347,592) (1350,585) (1350,559) (1362,553) (1374,549)  >
Kazakh S.S.R. < (1390,529) (1405,480) (1396,477) (1386,468) (1375,454) (1366,445) (1351,442) (1332,415) (1326,394) (1317,385) (1282,381) (1272,369) (1255,367) (1246,373) (1236,385) (1222,400) (1212,414) (1197,414) (1189,420) (1173,420) (1168,430) (1168,445) (1177,456) (1186,448) (1192,448) (1194,459) (1192,471) (1192,478) (1192,487) (1194,493) (1200,505) (1200,517) (1204,523) (1218,525) (1236,528) (1248,526) (1252,534) (1258,544) (1270,544) (1291,541) (1302,534) (1323,534) (1333,531) (1344,526) (1368,525) (1380,525)  >
Novosibirsk < (1407,478) (1422,463) (1444,447) (1459,430) (1471,423) (1486,423) (1486,400) (1494,391) (1506,381) (1521,366) (1528,354) (1540,354) (1549,345) (1558,334) (1575,334) (1587,322) (1594,315) (1603,315) (1617,318) (1624,322) (1629,318) (1624,229) (1606,223) (1600,223) (1591,235) (1584,235) (1576,229) (1560,237) (1552,234) (1546,226) (1542,229) (1531,231) (1519,229) (1498,226) (1488,220) (1480,220) (1474,225) (1462,229) (1434,232) (1410,235) (1383,253) (1380,277) (1372,282) (1374,295) (1381,306) (1369,318) (1354,318) (1344,343) (1327,378) (1326,388) (1333,405) (1338,415) (1344,426) (1348,435) (1354,441) (1363,444) (1372,450) (1380,457) (1393,471)  >
Evenki National Okrug < (1629,229) (1627,147) (1626,139) (1626,1) (1440,3) (1447,169) (1434,181) (1434,196) (1431,196) (1437,220) (1449,225) (1465,228) (1479,220) (1491,219) (1501,225) (1516,226) (1524,231) (1540,231) (1548,225) (1555,231) (1563,234) (1575,228) (1594,231) (1602,220) (1611,222)  >
Sinkiang < (1528,679) (1537,672) (1527,664) (1543,646) (1543,624) (1567,621) (1576,606) (1573,585) (1581,570) (1570,562) (1570,547) (1566,528) (1584,531) (1590,498) (1579,484) (1579,466) (1596,456) (1591,427) (1576,423) (1560,417) (1545,415) (1533,406) (1533,387) (1525,369) (1515,378) (1494,397) (1488,399) (1488,427) (1473,424) (1461,433) (1449,444) (1434,456) (1411,474) (1404,490) (1398,516) (1393,526) (1393,535) (1402,543) (1407,552) (1407,568) (1408,594) (1417,604) (1426,615) (1467,649) (1479,652) (1479,666) (1491,667) (1506,667) (1518,676)  >
Mongolia < (1591,424) (1620,420) (1639,432) (1657,426) (1665,423) (1675,421) (1684,420) (1711,402) (1714,396) (1726,388) (1732,385) (1734,379) (1743,370) (1750,363) (1764,363) (1767,361) (1758,351) (1749,345) (1746,351) (1723,351) (1717,337) (1711,330) (1699,330) (1689,334) (1680,334) (1671,343) (1659,339) (1650,331) (1641,325) (1629,321) (1618,319) (1606,313) (1591,321) (1588,325) (1579,333) (1569,333) (1560,339) (1552,340) (1548,348) (1540,355) (1533,355) (1525,361) (1530,372) (1533,379) (1536,399) (1543,411) (1557,418) (1575,421) (1587,424)  >
Yakut S.S.R. < (1770,361) (1777,348) (1789,339) (1792,328) (1795,319) (1791,313) (1800,307) (1801,298) (1803,289) (1806,280) (1806,273) (1812,270) (1813,156) (1843,123) (1845,34) (1864,3) (1629,4) (1630,147) (1632,316) (1644,322) (1656,333) (1663,340) (1674,340) (1677,336) (1696,331) (1702,328) (1713,330) (1720,339) (1722,349) (1747,348) (1756,348)  >
Caspian Sea Zone < (1134,351) (1204,361) (1221,453) (1224,547) (1170,564) (1113,528) (1111,441) (1104,373)  >
French Indo China < (1494,745) (1504,748) (1510,762) (1507,771) (1512,783) (1519,798) (1522,801) (1531,792) (1540,790) (1543,798) (1543,816) (1545,823) (1552,826) (1555,853) (1546,864) (1543,876) (1557,888) (1573,895) (1576,906) (1593,919) (1596,928) (1620,955) (1627,946) (1627,919) (1621,904) (1614,897) (1587,870) (1585,862) (1591,850) (1591,843) (1603,843) (1614,843) (1621,859) (1627,868) (1635,879) (1653,880) (1662,862) (1662,844) (1662,835) (1672,828) (1675,816) (1689,810) (1692,802) (1689,790) (1683,783) (1674,772) (1662,756) (1654,739) (1651,729) (1660,721) (1683,708) (1675,697) (1681,682) (1681,667) (1677,661) (1671,651) (1666,649) (1659,651) (1644,655) (1623,670) (1618,670) (1608,660) (1603,642) (1593,642) (1588,625) (1579,607) (1573,621) (1564,624) (1549,624) (1546,640) (1540,652) (1528,660) (1542,672) (1531,681) (1530,690) (1536,693) (1530,705) (1522,708) (1521,721) (1507,732)  >
China < (1660,649) (1672,637) (1675,616) (1681,604) (1690,600) (1702,600) (1710,589) (1722,580) (1729,580) (1729,567) (1719,553) (1723,549) (1716,538) (1698,516) (1701,465) (1711,448) (1734,387) (1720,397) (1716,400) (1701,411) (1686,418) (1672,423) (1659,426) (1645,430) (1627,430) (1621,423) (1588,426) (1594,439) (1597,456) (1596,462) (1581,478) (1585,496) (1588,505) (1588,525) (1584,528) (1572,531) (1572,549) (1576,561) (1582,562) (1582,574) (1579,583) (1578,595) (1582,609) (1590,618) (1594,633) (1603,640) (1608,652) (1614,661) (1624,664) (1632,663) (1638,657) (1657,652)  >
Japan < (1872,636) (1887,634) (1893,613) (1905,597) (1915,607) (1924,588) (1945,580) (1947,544) (1968,549) (1977,538) (1984,537) (1993,529) (2013,528) (2025,504) (2016,448) (2011,438) (1998,417) (2017,414) (2046,411) (2053,408) (2068,384) (2071,375) (2064,370) (2052,375) (2026,369) (2011,345) (1996,358) (1993,375) (1986,385) (1977,402) (1974,411) (1986,403) (1998,400) (2008,400) (2001,412) (1992,414) (1978,420) (1968,421) (1969,439) (1977,445) (1977,460) (1975,477) (1965,490) (1959,498) (1945,498) (1939,513) (1933,525) (1905,529) (1894,529) (1879,541) (1861,558) (1845,589) (1849,597) (1860,597) (1872,600) (1870,613)  >
Kwangtung < (1687,724) (1713,718) (1726,723) (1732,721) (1734,697) (1752,705) (1761,702) (1771,688) (1771,673) (1770,664) (1777,655) (1788,643) (1794,634) (1798,633) (1798,618) (1800,607) (1783,591) (1785,559) (1779,544) (1773,540) (1785,531) (1786,519) (1777,514) (1759,498) (1758,489) (1762,484) (1729,462) (1726,462) (1723,462) (1720,468) (1714,468) (1705,466) (1701,514) (1710,528) (1717,531) (1723,549) (1728,564) (1734,574) (1722,580) (1714,589) (1699,597) (1687,604) (1680,612) (1677,631) (1672,645) (1677,652) (1683,663) (1684,682) (1684,700) (1689,714)  >
French Indo China Sea Zone < (1684,727) (1687,760) (1714,783) (1711,940) (1650,1006) (1566,922) (1498,918) (1495,747) (1587,792) (1648,711) (1675,709)  >
Manchuria < (1956,336) (1956,366) (1953,384) (1935,397) (1923,417) (1914,430) (1888,432) (1870,447) (1863,465) (1852,478) (1851,499) (1855,504) (1857,513) (1861,528) (1854,541) (1837,552) (1830,564) (1815,564) (1813,550) (1810,534) (1810,519) (1809,498) (1785,493) (1767,486) (1734,462) (1702,462) (1713,447) (1717,430) (1728,420) (1731,391) (1735,378) (1755,364) (1768,364) (1780,349) (1791,339) (1794,316) (1803,298) (1809,274)  >
Kwangtung Sea Zone < (1765,487) (1800,522) (1803,573) (1854,633) (1716,777) (1687,756) (1689,724) (1714,627) (1734,523) (1759,493)  >
Japan Sea Zone < (1882,666) (2103,657) (2095,378) (2052,336) (1956,334) (1807,450) (1762,484) (1800,522) (1804,568)  >
Soviet Far East < (1959,325) (1945,277) (1921,273) (1906,249) (1984,211) (2002,207) (2031,189) (2046,204) (2046,217) (2037,253) (2047,274) (2055,291) (2052,316) (2065,316) (2076,303) (2088,285) (2079,270) (2083,264) (2073,244) (2082,240) (2073,222) (2064,214) (2064,205) (2091,192) (2109,172) (2125,73) (2160,69) (2164,57) (2169,45) (2176,45) (2178,16) (1861,9) (1849,34) (1846,123) (1818,153) (1815,270) (1947,331)  >
Soviet Far East Sea Zone < (2091,378) (2125,376) (2124,195) (2190,132) (2187,10) (1935,27) (1879,231) (1954,328)  >
Black Sea Zone < (919,570) (969,573) (1066,544) (1111,493) (1093,379) (1006,366) (940,384) (928,451) (921,501) (922,534)  >
Cuba < (120,715) (148,714) (157,727) (175,726) (187,742) (213,742) (235,762) (226,775) (216,772) (201,760) (169,760) (153,750) (136,738) (115,736) (99,726) (108,717)  >
Caroline Islands Sea Zone < (2098,961) (2095,840) (2053,801) (1884,802) (1885,907) (1839,909) (1837,966) (1885,964) (1963,966)  >
East Argentina Sea Zone < (165,1353) (409,1353) (405,1212) (346,1216) (286,1161) (180,1221) (160,1296) (163,1347)  >
New Guinea Sea Zone < (2049,1092) (2050,967) (1837,966) (1839,1095)  >
North Atlantic Sea Zone < (277,804) (420,801) (418,517) (285,519)  >
West Panama Sea Zone < (4,978) (55,972) (117,922) (100,870) (4,793) (4,828)  >
Caroline Islands < (1923,921) (1936,906) (1951,894) (2001,903) (2016,901) (2031,880) (2002,859) (1945,867) (1926,885) (1911,909)  >
Baltic Sea Zone < (735,207) (739,300) (811,301) (859,283) (892,216) (945,177) (934,123) (861,90) (837,66) (802,99) (771,129) (733,192) (738,208)  >
East US Sea Zone < (3,699) (280,700) (279,519) (234,475) (126,531) (55,552) (4,639)  >
West US Sea Zone < (2350,381) (2352,663) (2464,664) (2452,373) (2377,379)  >
New Guinea < (1891,1042) (1932,1047) (1959,1063) (1993,1068) (2019,1068) (2017,1051) (1992,1024) (1968,1014) (1944,1014) (1911,1014) (1884,991) (1869,994) (1873,1005)  >
