SZ21  (669,612)  (612,612)  (584,662)  (544,537)  (602,544)  (657,551)
SZ80  (1858,2337)  (1903,2383)  (1857,2383)  (1853,2291)  (1949,2412)  (1903,2429)  (1857,2429)  (1853,2245)  (1955,2458)  (1909,2475)  (1863,2475)  (1955,2504)  (1909,2521)  (1863,2521)  (1955,2550)  (1909,2567)  (1863,2567)
Severia  (2489,1120)  (2443,1165)  (2443,1119)  (2534,1166)  (2489,1074)  (2535,1074)  (2535,1120)  (2441,1073)  (2397,1196)  (2397,1150)  (2580,1166)  (2487,1028)  (2581,1049)  (2581,1095)  (2395,1104)  (2400,1027)  (2597,1212)  (2626,1141)
SZ2  (2501,218)  (2461,172)
Tarsus  (2850,2260)  (2804,2305)  (2804,2259)  (2850,2214)  (2896,2214)  (2758,2333)  (2942,2191)
Cumbria  (381,747)  (443,747)  (448,794)  (419,834)  (466,833)
Valencia  (577,2274)  (630,2282)  (587,2226)  (639,2229)  (605,2179)  (654,2180)  (619,2128)  (666,2125)
SZ81  (1805,2639)  (1808,2685)  (1851,2623)  (1808,2731)  (1796,2777)  (2004,2623)  (2050,2623)  (2080,2669)  (2096,2623)
SZ101  (2790,1640)  (2744,1667)
Valais  (1031,1765)  (1015,1717)  (1011,1668)  (1058,1656)  (1061,1704)
Norvege  (1099,457)  (1053,454)  (1145,421)  (1145,467)  (1050,408)  (1016,354)  (1014,308)  (1015,262)  (994,163)  (994,117)  (1013,71)  (1066,10)
Barca  (2212,2866)  (2166,2911)  (2166,2865)  (2257,2912)  (2212,2820)  (2258,2820)  (2258,2866)  (2164,2819)  (2303,2912)  (2210,2774)  (2304,2790)  (2304,2836)  (2154,2773)
SZ100  (3015,1949)  (3040,1995)  (2994,1995)
Tunisia  (1203,2539)  (1157,2584)  (1157,2538)  (1241,2585)  (1203,2493)  (1249,2493)  (1287,2610)  (1241,2631)  (1192,2447)  (1238,2447)  (1288,2656)  (1192,2401)  (1238,2401)
Slavonia  (1769,1708)  (1723,1727)  (1791,1754)  (1815,1684)  (1861,1686)
Lappland  (1520,153)  (1474,198)  (1474,152)  (1565,199)  (1520,107)  (1566,107)  (1566,153)  (1472,106)  (1519,244)  (1473,244)  (1428,182)  (1611,199)  (1611,245)  (1565,245)  (1518,61)  (1564,61)  (1610,61)  (1612,107)  (1612,153)  (1427,258)  (1656,17)  (1519,290)  (1473,290)  (1574,291)  (1514,15)  (1560,15)  (1606,15)  (1658,63)
SZ99  (2892,1975)  (2846,2019)  (2930,2021)  (2873,1929)  (2919,1929)  (2800,2003)
Persia  (3727,2629)  (3681,2674)  (3681,2628)  (3772,2675)  (3727,2583)  (3773,2583)  (3773,2629)  (3679,2582)  (3635,2672)  (3818,2675)  (3818,2721)  (3725,2537)  (3771,2537)  (3817,2537)  (3819,2583)  (3819,2629)  (3633,2626)  (3633,2580)  (3679,2536)  (3631,2534)  (3863,2537)  (3589,2689)  (3864,2675)  (3864,2721)  (3725,2491)  (3865,2583)  (3865,2629)  (3587,2643)  (3587,2597)  (3677,2490)  (3630,2479)  (3910,2675)  (3910,2721)  (3911,2544)  (3911,2590)  (3676,2444)  (3604,2433)
SZ61  (1009,2025)  (958,2025)  (1061,2024)  (991,1975)  (1041,1976)  (995,2075)  (1046,2076)
Tyrol  (1336,1501)  (1389,1517)  (1435,1533)
North Wales  (445,1019)  (492,1026)  (473,1068)
El Erg  (886,2608)  (840,2653)  (840,2607)  (931,2654)  (932,2576)  (794,2669)  (794,2623)  (977,2622)
Astrakahn  (3107,1786)  (3061,1810)  (3061,1764)  (3153,1766)  (3153,1812)  (3038,1718)  (3185,1858)  (3015,1786)  (3199,1766)  (3199,1812)  (2992,1740)  (3231,1858)  (3245,1763)  (3245,1809)  (2960,1798)  (2955,1694)  (2946,1752)  (3277,1855)  (3291,1778)  (2909,1706)  (2900,1760)  (3323,1824)  (2854,1735)  (3369,1791)  (3369,1837)
SZ35  (860,1160)  (816,1185)  (769,1220)  (752,1264)  (703,1270)  (702,1314)  (659,1350)  (659,1303)  (659,1258)  (613,1275)  (614,1319)
SZ48  (3,2269)  (44,2315)  (0,2223)  (16,2361)  (9,2170)  (46,2223)
SZ28  (816,941)  (874,939)  (923,939)  (834,887)  (888,887)  (849,981)  (902,982)
SZ1  (2735,109)
Tangiers  (427,2516)  (381,2561)  (381,2515)  (472,2562)  (473,2505)  (426,2607)  (380,2607)  (335,2561)  (518,2551)  (518,2597)  (472,2608)
Wallachia  (2098,1790)  (2052,1813)  (2052,1767)  (2144,1774)  (2181,1820)  (2190,1763)
SZ82  (2048,2555)  (2002,2575)  (2002,2529)  (2048,2509)  (2094,2522)  (2094,2568)  (2140,2522)  (2140,2568)  (2152,2443)  (2162,2622)  (2186,2520)  (2186,2566)  (2198,2405)  (2208,2612)  (2218,2451)  (2232,2497)  (2232,2543)  (2244,2402)  (2254,2589)  (2264,2448)  (2278,2494)  (2278,2540)  (2300,2586)  (2310,2403)
SZ49  (192,2385)  (146,2354)  (237,2431)  (191,2431)  (238,2372)  (114,2308)  (160,2303)
SZ79  (1782,2007)  (1781,2053)  (1780,2102)  (1782,2150)  (1827,2179)
Scotland  (370,661)  (420,697)  (422,647)  (467,690)  (473,642)  (475,592)  (522,655)  (523,599)  (564,580)
Mordvins  (3028,1569)  (2982,1614)  (2982,1568)  (3067,1615)  (3028,1523)  (3074,1523)  (3074,1569)  (2980,1522)  (2936,1627)  (3026,1477)  (3072,1477)  (3118,1477)  (3120,1523)  (2966,1476)  (3012,1431)  (3058,1431)  (3104,1431)
SZ45  (38,1734)  (37,1784)  (39,1836)  (37,1890)  (38,1945)  (36,1999)  (1,2049)
Brandenburg  (1600,1077)  (1554,1122)  (1554,1076)  (1645,1123)  (1600,1031)  (1646,1031)  (1646,1077)  (1552,1030)  (1508,1092)  (1691,1123)  (1692,1027)  (1692,1073)
SZ44  (186,1802)  (140,1847)  (140,1801)  (186,1756)  (138,1755)  (136,1893)  (94,1847)  (94,1801)  (92,1755)  (147,1939)  (101,1939)
Bosnia  (1741,1858)  (1778,1904)  (1740,1812)  (1694,1867)  (1733,1907)
SZ98  (2765,1909)  (2719,1910)  (2732,1863)  (2778,1863)  (2811,1909)
Tripoli  (1406,2751)  (1360,2796)  (1360,2750)  (1451,2797)  (1406,2705)  (1452,2705)  (1452,2751)  (1358,2704)  (1405,2842)  (1359,2842)  (1497,2797)  (1497,2843)  (1451,2843)  (1498,2692)  (1498,2738)  (1313,2866)  (1405,2888)  (1359,2888)  (1543,2784)  (1543,2830)  (1532,2889)  (1486,2889)  (1515,2935)
La Mancha  (451,2272)  (499,2236)  (500,2280)  (543,2221)  (546,2266)
Bohus  (1270,307)  (1224,352)  (1224,306)  (1270,261)  (1316,303)  (1222,260)  (1323,349)  (1219,398)  (1234,214)  (1242,168)
Saxony  (1383,1226)  (1433,1208)  (1487,1185)  (1411,1276)  (1458,1253)  (1502,1225)
SZ41  (348,1684)  (302,1729)  (302,1683)  (393,1730)  (348,1638)  (394,1638)  (394,1684)  (300,1637)  (347,1775)  (301,1775)  (395,1776)  (346,1592)  (392,1592)  (272,1591)  (349,1821)  (303,1821)  (395,1822)
Poitou  (625,1586)  (638,1637)  (686,1638)  (667,1686)  (716,1687)
TabKuh  (3392,2461)  (3346,2492)  (3346,2446)  (3437,2507)  (3392,2415)  (3438,2415)  (3438,2461)  (3330,2400)  (3300,2466)  (3483,2507)  (3483,2553)  (3484,2370)  (3484,2416)  (3284,2420)  (3529,2462)  (3529,2508)  (3530,2342)  (3530,2388)
Corsica  (1210,1932)  (1209,1986)
Zagros  (3741,2863)  (3695,2908)  (3695,2862)  (3786,2909)  (3741,2817)  (3787,2817)  (3787,2863)  (3693,2816)  (3740,2954)  (3694,2954)  (3649,2908)  (3649,2862)  (3832,2909)  (3739,2771)  (3833,2792)  (3833,2838)  (3647,2816)  (3647,2770)  (3693,2770)  (3878,2884)  (3878,2930)  (3879,2820)  (3601,2840)  (3601,2794)  (3924,2866)  (3924,2912)  (3942,2820)
Svealand  (1647,379)  (1601,424)  (1601,378)  (1647,333)  (1693,333)  (1693,379)  (1555,450)  (1555,404)  (1555,358)  (1677,287)  (1723,287)  (1509,458)
SZ40  (151,1631)  (105,1676)  (105,1630)  (196,1677)  (151,1585)  (197,1585)  (197,1631)  (103,1584)  (59,1682)  (59,1636)  (57,1590)  (13,1682)  (13,1636)  (11,1590)
Silesia  (1708,1243)  (1662,1249)  (1662,1203)  (1708,1197)  (1754,1210)  (1754,1256)  (1779,1302)  (1616,1205)  (1825,1277)
Turkmen  (3792,1923)  (3746,1968)  (3746,1922)  (3837,1969)  (3792,1877)  (3838,1877)  (3838,1923)  (3744,1876)  (3771,2014)  (3883,1969)  (3790,1831)  (3836,1831)  (3882,1831)  (3884,1877)  (3884,1923)  (3698,1884)  (3698,1838)  (3744,1830)  (3660,1792)  (3928,1787)  (3772,2060)  (3929,1969)  (3790,1785)  (3836,1785)  (3882,1785)  (3930,1833)  (3930,1879)  (3652,1864)  (3706,1784)  (3939,2015)  (3649,1746)  (3764,2106)  (3695,1738)
SZ47  (154,2023)  (108,2003)  (124,2209)
Algarve  (261,2201)  (266,2249)  (255,2291)  (209,2306)
Armenia  (3080,2217)  (3034,2262)  (3034,2216)  (3125,2263)  (3080,2171)  (3126,2171)  (3126,2217)  (3032,2170)  (3079,2308)  (3033,2308)  (2988,2262)  (3171,2263)  (3085,2125)  (3131,2125)  (3172,2171)  (3172,2217)  (3177,2120)  (3205,2309)  (3217,2263)  (3223,2088)  (3251,2309)  (3297,2321)
Anjou  (737,1567)  (691,1523)  (737,1521)  (783,1557)
Midian  (2779,2918)  (2733,2943)  (2825,2937)
SZ71  (1509,2379)  (1579,2376)  (1587,2324)  (1635,2305)  (1674,2290)  (1668,2242)
Baghdad  (3272,2670)  (3226,2715)  (3226,2669)  (3317,2716)  (3272,2624)  (3318,2624)  (3318,2670)  (3224,2623)  (3271,2761)  (3225,2761)  (3270,2578)  (3316,2578)  (3362,2578)  (3364,2624)  (3364,2670)  (3187,2577)  (3408,2577)  (3298,2807)  (3233,2532)  (3279,2532)
Lazes  (2923,2092)  (2877,2117)  (2969,2082)  (2831,2088)  (3015,2079)  (2785,2082)
SZ105  (3531,1994)  (3576,2040)  (3577,1967)  (3581,2135)
Latvia  (2064,669)  (2018,687)  (2110,636)  (2110,682)  (1995,641)  (2154,728)  (2156,613)  (2156,659)  (1967,595)  (1949,683)  (2200,705)  (2200,751)
Bohemia  (1514,1345)  (1468,1330)  (1542,1391)  (1514,1299)  (1560,1299)  (1560,1345)  (1606,1290)  (1606,1336)  (1606,1382)
SZ107  (3611,2324)  (3534,2284)  (3596,2277)  (3538,2225)  (3597,2222)
SZ108  (3700,2299)  (3681,2345)  (3663,2253)  (3709,2253)  (3746,2318)  (3663,2207)  (3709,2207)
SZ104  (3556,1909)  (3606,1895)  (3560,1856)  (3559,1806)
SZ95  (2524,1818)  (2478,1863)  (2478,1817)  (2569,1864)  (2524,1772)  (2570,1772)  (2570,1818)  (2476,1771)  (2523,1909)  (2477,1909)  (2608,1910)
SZ9  (1632,801)  (1647,847)  (1601,855)  (1632,755)  (1678,780)  (1693,826)  (1555,877)  (1666,709)  (1739,825)
SZ29  (819,1118)  (821,1065)  (786,1015)  (738,1005)  (780,873)  (762,918)  (762,959)  (709,939)
SZ109  (3526,2897)  (3571,2943)  (3525,2943)
Lombardi  (1251,1687)  (1310,1687)  (1308,1743)
Basrah  (3493,2782)  (3447,2824)  (3447,2778)  (3493,2736)  (3442,2732)  (3401,2852)  (3401,2806)  (3488,2690)  (3396,2760)  (3433,2686)  (3355,2858)  (3355,2812)  (3479,2644)
Picardy  (803,1292)  (836,1339)  (881,1368)  (931,1382)  (931,1330)  (885,1317)  (850,1284)  (813,1243)
Zala  (1720,1602)  (1754,1648)  (1692,1556)  (1738,1556)  (1766,1602)  (1710,1510)  (1756,1510)
SZ46  (56,2057)  (103,2058)  (24,2108)  (80,2109)  (133,2108)  (47,2157)  (99,2160)
Cheshire  (548,1014)  (527,971)  (567,970)  (542,1059)
Pomerania  (1687,937)  (1641,952)  (1697,891)  (1733,937)  (1750,983)  (1595,966)  (1549,973)
Transylvania  (2025,1620)  (1979,1665)  (1979,1619)  (2025,1574)  (2071,1574)  (2071,1620)  (1933,1692)  (2035,1528)  (2117,1599)  (2117,1645)
SZ86  (2306,2689)  (2260,2716)  (2351,2735)  (2352,2676)  (2214,2708)  (2397,2722)  (2398,2676)  (2168,2702)  (2444,2676)  (2490,2701)
Oran  (708,2505)  (662,2550)  (662,2504)  (753,2551)  (711,2459)  (754,2505)  (757,2456)  (616,2528)  (800,2502)  (786,2410)  (803,2456)  (832,2403)  (846,2502)  (849,2449)
Tsaritsyn  (3335,1612)  (3289,1657)  (3289,1611)  (3380,1658)  (3335,1566)  (3381,1566)  (3381,1612)  (3287,1565)  (3334,1703)  (3288,1703)  (3243,1657)  (3243,1611)  (3426,1658)  (3384,1704)  (3242,1704)  (3333,1520)  (3379,1520)  (3425,1520)  (3427,1566)  (3427,1612)  (3241,1565)  (3241,1519)  (3287,1519)  (3471,1519)  (3197,1658)  (3197,1612)  (3196,1716)  (3333,1474)  (3195,1566)  (3222,1473)  (3268,1473)  (3151,1670)  (3314,1428)  (3192,1427)  (3238,1427)  (3105,1676)  (3284,1382)  (3330,1382)  (3213,1381)
Languedoc  (762,1871)  (807,1882)  (847,1918)  (854,1873)  (854,1823)  (893,1837)  (949,1844)  (925,1805)
Murcia  (435,2352)  (477,2334)  (514,2353)  (527,2311)  (568,2329)
Albania  (1842,1981)  (1863,2029)  (1823,2068)  (1872,2072)  (1840,2116)
Georgia  (3273,2014)  (3227,2027)  (3319,1986)  (3319,2032)  (3181,2025)  (3365,1983)  (3169,1979)  (3411,1968)
Sahara  (652,2905)  (606,2950)  (606,2904)  (697,2951)  (652,2859)  (698,2859)  (698,2905)  (604,2858)  (560,2954)  (560,2908)  (743,2951)  (650,2813)  (696,2813)  (742,2813)  (744,2859)  (744,2905)  (558,2862)  (558,2816)  (604,2812)  (524,2770)  (788,2769)  (514,2954)  (514,2908)  (789,2951)  (650,2767)  (696,2767)  (742,2767)  (790,2815)  (790,2861)  (512,2862)  (512,2816)  (570,2766)  (834,2729)  (468,2954)  (468,2908)  (835,2907)  (835,2953)  (698,2721)  (744,2721)  (836,2775)  (836,2821)  (466,2862)  (466,2816)  (422,2954)  (422,2908)  (881,2867)  (881,2913)  (882,2741)  (882,2787)  (420,2862)  (420,2816)  (376,2954)  (376,2908)  (927,2862)  (927,2908)  (927,2954)  (928,2749)  (374,2862)  (374,2816)  (330,2954)  (330,2908)  (973,2883)  (973,2929)  (328,2862)  (328,2816)  (284,2954)  (284,2908)  (1019,2890)  (1019,2936)  (282,2862)  (238,2954)  (238,2908)  (1065,2887)  (1065,2933)  (192,2954)  (1111,2952)  (146,2954)  (1157,2948)  (100,2954)  (1203,2947)  (1249,2947)  (1295,2940)
SZ85  (2168,2268)  (2214,2296)  (2151,2222)  (2168,2314)  (2224,2342)  (2151,2176)
Burgundy  (962,1646)  (971,1692)  (1010,1608)  (1034,1562)  (974,1738)
SZ106  (3631,2095)  (3676,2141)  (3630,2141)  (3628,2049)  (3674,2049)  (3677,2095)  (3628,2003)  (3628,1957)
Old Castille  (403,1891)  (455,1895)  (431,1945)  (481,1944)  (471,1998)  (521,1998)  (570,2001)
SZ25  (695,777)  (649,822)  (649,776)  (740,823)  (647,730)  (681,868)  (601,739)
SZ69  (1292,2001)  (1291,1954)  (1339,2001)  (1288,1906)  (1386,2005)
Hungary  (1864,1535)  (1909,1581)  (1863,1581)  (1824,1489)  (1870,1489)  (1910,1535)  (1916,1483)  (1896,1627)  (1956,1529)  (1962,1459)
Hesse  (1279,1243)  (1225,1243)  (1328,1244)  (1241,1293)  (1290,1287)  (1350,1290)  (1238,1193)  (1293,1193)
SZ83  (2055,2391)  (2009,2436)  (2100,2437)  (2045,2345)  (2091,2345)  (2101,2391)  (2104,2241)
Kazan  (2858,1272)  (2812,1317)  (2812,1271)  (2903,1318)  (2858,1226)  (2904,1226)  (2904,1272)  (2810,1225)  (2857,1363)  (2811,1363)  (2766,1317)  (2766,1271)  (2949,1318)  (2949,1364)  (2903,1364)  (2765,1364)  (2924,1180)  (2950,1226)  (2950,1272)  (2764,1225)  (2764,1179)  (2810,1179)  (2970,1171)  (2857,1409)  (2811,1409)  (2720,1318)  (2720,1272)  (2995,1318)  (2995,1364)  (2920,1410)  (2765,1410)  (2719,1410)  (2719,1364)  (2996,1217)  (2996,1263)  (2718,1226)  (2718,1180)  (3016,1171)  (2874,1455)  (2674,1318)  (2674,1272)  (3041,1309)  (3041,1355)  (3042,1217)  (3042,1263)  (2672,1226)  (3062,1165)  (3087,1309)  (3088,1211)  (3088,1257)  (3108,1160)  (3133,1303)  (3134,1206)  (3134,1252)  (3154,1145)  (3179,1298)  (3180,1191)  (3180,1237)  (3200,1121)  (3225,1283)  (3226,1167)  (3226,1213)  (3246,1093)  (3271,1259)  (3272,1139)  (3272,1185)  (3292,1082)  (3317,1231)  (3317,1277)  (3318,1128)  (3318,1174)  (3338,1065)
Flanders  (1018,1309)  (970,1290)  (922,1266)  (873,1220)  (923,1218)  (894,1172)  (971,1243)  (973,1195)  (1022,1261)  (1018,1213)
SZ97  (2662,1848)  (2664,1894)  (2686,1802)  (2732,1781)  (2778,1759)  (2824,1795)  (2867,1841)  (2913,1845)
Minsk  (2273,914)  (2227,959)  (2227,913)  (2318,960)  (2273,868)  (2319,868)  (2319,914)  (2225,867)  (2272,1005)  (2226,1005)  (2181,959)  (2351,1006)  (2180,1006)  (2271,822)  (2317,822)  (2363,822)  (2365,868)  (2365,914)  (2200,821)  (2135,960)  (2324,1052)  (2134,1029)  (2279,776)  (2325,776)
Galicia  (2076,1352)  (2030,1397)  (2092,1306)  (2122,1352)  (2140,1398)  (2186,1375)  (2186,1421)  (2200,1467)
Egypt  (2450,2866)  (2404,2911)  (2404,2865)  (2495,2912)  (2450,2820)  (2496,2820)  (2496,2866)  (2402,2819)  (2541,2943)  (2448,2774)  (2494,2774)
SZ70  (1516,2109)  (1516,2154)  (1514,2200)  (1515,2248)  (1562,2231)  (1564,2177)
SZ43  (506,1798)  (460,1835)  (460,1789)  (506,1752)  (552,1752)  (552,1798)  (560,1844)  (450,1743)
SZ65  (1229,2302)  (1275,2259)  (1190,2256)  (1299,2323)  (1333,2404)  (1345,2323)  (1346,2450)  (1346,2506)  (1346,2552)  (1189,2325)
Jutland  (1222,701)  (1221,648)  (1268,602)  (1176,695)  (1278,693)  (1184,757)  (1234,755)
SZ84  (2080,2140)  (2034,2142)  (2095,2094)  (2141,2088)
Sussex  (614,1230)  (614,1186)  (657,1206)  (704,1203)  (751,1191)
SZ32  (130,1238)  (84,1283)  (84,1237)  (69,1329)  (38,1283)  (38,1237)  (23,1340)
SZ68  (1396,2178)  (1355,2132)  (1401,2132)  (1442,2178)  (1447,2127)  (1355,2086)  (1401,2086)  (1447,2081)
Odessa  (2639,1571)  (2593,1616)  (2593,1570)  (2684,1617)  (2639,1525)  (2685,1525)  (2685,1571)  (2591,1524)  (2547,1612)  (2649,1479)  (2731,1491)  (2731,1537)  (2545,1566)  (2545,1520)  (2777,1500)  (2777,1546)  (2499,1567)  (2499,1521)  (2823,1514)  (2823,1560)  (2869,1527)
Warszowa  (1947,1070)  (1901,1113)  (1901,1067)  (1992,1116)  (1947,1024)  (1993,1024)  (1993,1070)  (2014,978)  (2039,1024)  (1947,1136)
SZ5  (1802,145)  (1756,190)  (1756,144)  (1847,191)  (1802,99)  (1848,99)  (1848,145)  (1754,98)  (1801,236)  (1710,201)  (1710,155)  (1882,237)  (1800,53)  (1846,53)  (1894,95)  (1721,52)  (1767,7)  (1813,7)  (1859,7)
Austria  (1644,1502)  (1631,1549)  (1588,1559)  (1597,1509)  (1597,1465)  (1568,1425)  (1614,1420)  (1659,1423)  (1665,1467)
Alemtejo  (175,2202)  (188,2155)  (219,2206)  (215,2248)
SZ34  (558,1281)  (558,1330)  (558,1383)  (505,1387)  (508,1337)  (507,1285)  (456,1316)  (458,1365)  (412,1333)
SZ63  (1044,1918)  (1097,1895)  (1093,1944)  (1138,1998)  (1147,1947)  (1150,1888)  (1192,1829)  (1202,1881)  (1244,2002)  (1247,1844)
SZ12  (1040,619)  (994,664)  (994,618)  (1085,665)  (1040,573)  (1086,573)  (1086,619)  (992,572)  (948,673)  (948,627)  (1131,665)  (1038,527)  (1132,606)  (982,449)  (934,418)  (920,372)
Leon  (318,1971)  (365,1940)  (367,1986)  (408,2016)  (364,2031)  (327,2066)
Venetia  (1373,1672)  (1427,1653)  (1475,1625)
Aragon  (669,1982)  (672,2028)  (715,1966)  (626,2032)
SZ62  (887,1915)  (932,1882)  (936,1935)  (933,1982)  (986,1937)  (983,1896)
Majorca  (824,2130)  (871,2128)  (828,2164)  (875,2168)
Auvergne  (837,1701)  (791,1746)  (791,1700)  (882,1747)  (837,1655)  (883,1655)  (883,1701)  (812,1792)  (848,1609)
Skane  (1481,691)  (1481,737)  (1446,645)  (1492,645)  (1527,691)  (1416,599)  (1462,599)  (1397,553)
SZ7  (1856,614)  (1847,568)  (1893,568)  (1873,776)  (2037,578)  (1808,826)  (1864,667)  (1808,623)
SZ102  (3612,1673)  (3585,1719)  (3621,1627)  (3658,1673)  (3667,1621)  (3539,1745)
SZ26  (957,821)  (911,836)  (1002,867)  (921,775)  (967,775)  (1003,821)  (1013,765)  (865,834)  (1048,867)  (1048,913)  (1002,913)  (920,729)  (966,729)  (1049,811)  (1059,720)  (819,815)  (1094,857)  (1094,903)  (1095,766)  (1105,720)  (1140,812)  (1140,858)  (1140,904)
Helvetica  (1085,1607)  (1118,1564)  (1169,1559)  (1166,1509)
Arabia  (3093,2906)  (3047,2951)  (3047,2905)  (3138,2952)  (3093,2860)  (3139,2860)  (3139,2906)  (3045,2859)  (3001,2954)  (3001,2908)  (3184,2952)  (3091,2814)  (3185,2830)  (3185,2876)  (2999,2862)  (3038,2813)  (2955,2954)  (2955,2908)  (3230,2922)  (3231,2858)  (3276,2904)  (3276,2950)  (3322,2924)  (3368,2925)  (3414,2905)  (3414,2951)
Cyrenacia  (1960,2837)  (1914,2882)  (1914,2836)  (2005,2883)  (1960,2791)  (2006,2791)  (2006,2837)  (1912,2790)  (1959,2928)  (1913,2928)  (2051,2883)  (2051,2929)  (2005,2929)  (1958,2745)  (2004,2745)  (2050,2745)  (2052,2791)  (2052,2837)  (1869,2744)  (2096,2727)  (1915,2699)  (1961,2699)
SZ6  (1801,490)  (1755,535)  (1755,489)  (1801,444)  (1765,581)  (1719,581)  (1709,535)  (1709,489)  (1800,398)  (1711,627)  (1808,352)  (1813,306)
SZ27  (1066,962)  (1018,962)  (969,961)  (888,1114)  (889,1061)  (933,1022)  (931,1072)
SZ67  (1428,2475)  (1393,2429)  (1439,2429)  (1393,2383)  (1439,2383)  (1393,2337)  (1323,2276)  (1468,2247)  (1408,2248)  (1370,2257)
Oporto  (215,2019)  (272,2021)  (223,2074)  (272,2074)  (229,2126)  (276,2131)
SZ8  (1768,721)  (1722,730)  (1796,767)  (1755,675)  (1814,692)
Novgorod  (2601,562)  (2555,607)  (2555,561)  (2646,608)  (2601,516)  (2647,516)  (2647,562)  (2553,515)  (2600,653)  (2554,653)  (2509,607)  (2509,561)  (2692,608)  (2692,654)  (2646,654)  (2508,654)  (2599,470)  (2645,470)  (2691,470)  (2693,516)  (2693,562)  (2472,515)  (2737,426)  (2600,699)  (2463,608)  (2463,562)  (2738,608)  (2738,654)  (2738,700)  (2692,700)  (2646,700)  (2462,677)  (2591,424)  (2637,424)  (2683,424)  (2739,472)  (2739,518)  (2426,516)  (2729,380)  (2775,380)  (2417,631)  (2417,585)  (2781,746)  (2735,746)  (2689,746)  (2416,682)  (2575,378)  (2621,378)  (2667,378)  (2380,539)  (2713,334)  (2759,334)  (2371,636)  (2371,590)  (2370,699)  (2574,332)  (2620,332)  (2666,332)  (2334,544)  (2712,288)  (2758,288)  (2325,653)  (2325,607)  (2324,700)  (2579,286)  (2625,286)  (2288,561)  (2671,242)  (2717,242)  (2763,242)  (2279,654)  (2279,608)  (2597,240)  (2701,196)  (2779,196)
SZ42  (515,1659)  (469,1680)  (469,1634)  (515,1613)  (561,1633)  (561,1679)  (443,1588)
Normandy  (764,1346)  (717,1364)  (716,1419)  (665,1449)  (663,1399)  (620,1418)  (607,1368)
Bologna  (1405,1842)  (1378,1798)  (1368,1743)
SZ64  (1144,2163)  (1144,2112)  (1145,2056)  (1261,2195)  (1310,2194)  (1267,2146)  (1311,2144)  (1267,2094)  (1312,2092)  (1263,2049)  (1308,2050)
SZ4  (1921,392)  (1875,437)  (1875,391)  (1947,438)  (1921,346)  (1967,346)  (1967,392)  (1875,345)  (1901,483)  (2013,344)  (2030,510)
SZ66  (1434,2567)  (1479,2613)  (1433,2613)  (1480,2558)  (1525,2604)  (1569,2650)  (1571,2582)  (1596,2696)  (1615,2628)  (1642,2674)  (1642,2720)  (1661,2606)  (1688,2652)  (1688,2698)  (1715,2744)
Munster  (229,1107)  (180,1135)  (182,1089)  (134,1104)  (132,1155)
Sardinia  (1217,2066)  (1202,2112)  (1203,2160)
Wessex  (563,1213)  (514,1190)  (514,1229)  (467,1209)  (460,1254)  (419,1268)
Cologne  (1111,1288)  (1155,1334)  (1109,1334)  (1078,1242)  (1124,1242)  (1157,1288)  (1170,1229)  (1135,1380)  (1079,1196)  (1125,1183)
Moravia  (1769,1401)  (1723,1433)  (1723,1387)  (1770,1447)  (1815,1376)  (1816,1422)  (1708,1341)  (1862,1377)  (1908,1375)  (1954,1384)
Karelia  (2335,76)  (2289,121)  (2289,75)  (2380,122)  (2335,30)  (2381,30)  (2381,76)  (2287,29)  (2334,167)  (2288,167)  (2243,121)  (2243,75)  (2394,168)  (2242,168)  (2427,0)  (2427,46)  (2427,92)  (2241,29)  (2197,122)  (2197,76)  (2412,214)  (2366,214)  (2280,214)  (2234,214)  (2473,0)  (2473,46)  (2473,92)  (2430,260)  (2519,0)  (2519,46)  (2519,92)  (2553,138)  (2565,0)  (2565,46)  (2565,92)  (2599,138)  (2611,0)  (2611,46)  (2611,92)  (2645,138)  (2657,0)  (2763,52)  (2764,0)
SZ33  (296,1267)  (250,1289)  (250,1243)  (338,1313)  (296,1221)  (342,1221)  (342,1267)  (292,1335)  (388,1208)
Lebanon  (2741,2602)  (2791,2593)  (2765,2548)  (2815,2541)  (2772,2501)  (2821,2497)
Vastra Gotaland  (1388,368)  (1437,351)  (1483,367)  (1434,405)  (1384,421)  (1361,469)  (1412,467)  (1454,487)
Antioch  (2768,2447)  (2818,2449)  (2789,2394)
SZ3  (2235,305)  (2189,316)  (2281,275)  (2143,316)  (2085,334)
Orleanais  (837,1466)  (788,1466)  (739,1466)  (881,1465)  (923,1465)  (773,1422)  (821,1417)  (872,1418)  (915,1420)  (823,1511)  (870,1508)  (916,1508)  (853,1548)
SZ10  (1296,878)  (1355,898)  (1410,866)  (1422,818)  (1476,824)  (1488,873)  (1536,805)  (1543,756)  (1585,802)
SZ37  (278,1415)  (289,1461)  (243,1462)  (197,1495)  (289,1507)  (243,1508)
SZ92  (2377,1968)  (2331,1988)  (2422,2014)  (2423,1962)
Kirghix  (3849,1571)  (3803,1616)  (3803,1570)  (3894,1617)  (3849,1525)  (3895,1525)  (3895,1571)  (3801,1524)  (3848,1662)  (3802,1662)  (3757,1596)  (3940,1617)  (3940,1663)  (3894,1663)  (3941,1519)  (3941,1565)  (3755,1550)  (3848,1708)  (3952,1709)  (3906,1709)  (3709,1564)  (3663,1566)  (3663,1520)  (3617,1556)  (3571,1581)  (3571,1535)  (3525,1609)
SZ17  (547,408)  (501,429)  (501,383)  (592,454)  (547,362)  (593,362)  (593,408)  (546,475)  (455,436)  (455,390)
Mosul  (3114,2440)  (3068,2485)  (3068,2439)  (3152,2486)  (3114,2394)  (3160,2394)  (3160,2440)  (3066,2393)  (3022,2489)  (3022,2443)  (3137,2348)  (3206,2365)  (3206,2411)
SZ31  (54,1003)  (8,1048)  (8,1002)  (99,1049)  (53,1094)  (7,1094)  (68,1140)  (22,1140)
Salzburg  (1484,1573)  (1537,1573)  (1488,1525)  (1541,1524)  (1555,1477)  (1495,1477)  (1525,1439)
Krakow  (1942,1257)  (1896,1259)  (1896,1213)  (1987,1303)  (1942,1211)  (1988,1211)  (1988,1257)  (1941,1305)  (1850,1217)  (2034,1184)  (2034,1230)
Finland  (2015,128)  (1969,173)  (1969,127)  (2060,174)  (2015,82)  (2061,82)  (2061,128)  (1967,81)  (2014,219)  (1968,219)  (2106,174)  (2106,220)  (2060,220)  (2013,36)  (2059,36)  (2105,36)  (2107,82)  (2107,128)  (1935,35)  (2014,265)  (2087,266)
Constantinople  (2242,2021)  (2196,1995)  (2247,1975)  (2150,2033)  (2196,2041)
SZ90  (2662,2646)  (2650,2692)  (2660,2600)  (2604,2708)  (2558,2715)
SZ51  (185,2550)  (139,2590)  (186,2504)  (231,2550)  (232,2503)  (93,2590)  (47,2590)  (22,2544)  (1,2590)
Naples  (1564,2066)  (1519,2055)  (1520,2010)
Atlas  (456,2721)  (410,2741)  (410,2695)  (456,2675)  (502,2675)  (548,2661)  (594,2641)  (594,2687)  (640,2616)  (640,2662)  (686,2620)
Sicily  (1425,2292)  (1477,2302)  (1529,2338)  (1529,2294)
SZ91  (2664,2968)
SZ50  (63,2400)  (114,2401)  (28,2450)  (86,2449)  (141,2451)  (58,2498)  (117,2500)
Holstein  (1278,806)  (1213,821)  (1226,872)  (1202,923)  (1254,933)
Kiev  (2398,1349)  (2352,1394)  (2352,1348)  (2443,1395)  (2398,1303)  (2444,1303)  (2444,1349)  (2350,1302)  (2306,1399)  (2306,1353)  (2489,1395)  (2489,1441)  (2396,1257)  (2442,1257)  (2488,1257)  (2490,1303)  (2490,1349)  (2327,1256)  (2534,1254)  (2260,1381)  (2535,1395)  (2535,1441)  (2536,1300)  (2536,1346)  (2581,1392)  (2581,1438)  (2582,1268)  (2582,1314)  (2627,1392)
Daghestan  (3376,2153)  (3330,2198)  (3330,2152)  (3421,2199)  (3376,2107)  (3422,2107)  (3422,2153)  (3328,2106)  (3375,2244)  (3329,2244)  (3284,2198)  (3284,2152)  (3467,2199)  (3464,2245)  (3389,2061)  (3435,2061)  (3468,2107)  (3468,2153)  (3418,2290)  (3372,2290)  (3473,2291)  (3427,2336)
Posen  (1775,1146)  (1827,1141)  (1780,1093)  (1836,1092)  (1793,1044)  (1842,1040)  (1837,995)  (1884,1006)
Volhynia  (2195,1176)  (2149,1221)  (2149,1175)  (2240,1222)  (2195,1130)  (2241,1130)  (2241,1176)  (2147,1129)  (2194,1267)  (2259,1268)  (2193,1084)  (2287,1112)  (2287,1158)  (2101,1159)  (2101,1113)  (2147,1083)  (2213,1313)
Smolensk  (2498,852)  (2452,897)  (2452,851)  (2543,898)  (2498,806)  (2544,806)  (2544,852)  (2450,805)  (2589,898)  (2589,944)  (2543,944)  (2496,760)  (2542,760)  (2590,773)  (2590,819)  (2423,759)  (2635,865)  (2635,911)  (2635,957)  (2636,809)
Liguria  (1248,1765)  (1194,1758)  (1141,1771)  (1143,1723)  (1195,1706)  (1191,1659)
Highland  (414,491)  (472,486)  (399,541)  (451,541)  (336,588)  (395,595)
SZ38  (115,1368)  (172,1368)  (222,1368)  (148,1319)  (199,1320)  (147,1419)  (198,1418)
Caucasus  (3222,1936)  (3268,1936)  (3130,1891)  (3314,1926)  (3360,1917)
Essex  (647,1143)  (695,1151)  (744,1149)  (644,1098)  (693,1107)  (742,1108)  (655,1059)  (690,1022)  (705,1062)  (755,1062)
SZ52  (72,2680)  (26,2725)  (26,2679)  (103,2726)  (118,2637)  (57,2771)  (11,2771)  (105,2817)  (59,2817)  (13,2817)  (71,2863)  (25,2863)  (29,2909)
Prussia  (1851,860)  (1899,859)  (1944,858)  (1816,910)  (1867,909)  (1921,907)  (1972,905)  (1844,955)  (1894,956)  (1945,957)
Scandinavians  (1180,96)  (1134,141)  (1134,95)  (1180,50)  (1226,50)  (1226,96)  (1132,49)  (1177,187)  (1131,187)  (1088,141)  (1184,4)  (1230,4)  (1272,50)  (1272,96)  (1085,190)  (1276,0)  (1141,233)  (1318,46)  (1318,92)  (1095,236)  (1322,0)  (1330,219)  (1334,138)  (1364,46)  (1139,282)  (1093,282)  (1368,0)  (1376,212)  (1410,46)  (1414,0)
SZ11  (1328,637)  (1373,683)  (1320,591)  (1235,546)  (1322,545)  (1198,592)  (1216,500)  (1262,500)  (1189,546)  (1308,499)  (1262,454)  (1304,747)
Sjaelland  (1384,754)  (1366,802)
Sinai  (2565,2779)  (2621,2779)  (2578,2830)  (2628,2831)  (2619,2883)  (2634,2936)
Crimea  (2662,1737)  (2628,1691)
Sinop  (2598,2046)  (2552,2091)  (2552,2045)  (2644,2003)  (2644,2049)  (2506,2087)  (2690,2021)  (2690,2067)
SZ36  (353,1406)  (392,1452)  (346,1452)  (400,1498)  (354,1498)  (456,1528)
Liechtenstein  (1227,1506)  (1277,1507)  (1222,1559)  (1272,1555)
SZ87  (2450,2510)  (2404,2555)  (2404,2509)  (2456,2556)  (2450,2464)  (2496,2464)  (2496,2510)  (2402,2463)  (2410,2601)  (2364,2601)  (2458,2418)  (2504,2418)
Rome  (1471,2008)  (1427,1995)  (1425,1958)
SZ24  (456,892)  (402,897)  (376,826)  (302,785)  (295,738)  (244,738)  (195,735)  (196,788)  (254,786)
Connaught  (166,1036)  (203,1014)  (148,979)  (197,969)  (145,929)  (197,922)
Estremadura  (330,2116)  (375,2100)  (313,2172)  (371,2157)  (322,2226)  (364,2202)
Hollande  (990,1027)  (1042,1025)  (982,1080)  (1035,1078)  (956,1137)  (1010,1136)  (1058,1132)  (1031,1177)
Mecklenburg  (1388,985)  (1342,1023)  (1342,977)  (1420,1031)  (1409,939)  (1434,985)  (1480,967)
Macedonia  (1944,2020)  (1959,2066)  (1990,2007)  (2005,2053)  (2051,2026)
Bavaria  (1349,1444)  (1398,1451)  (1451,1465)  (1450,1412)  (1398,1401)  (1355,1389)  (1364,1341)  (1415,1347)
SZ93  (2390,1833)  (2410,1879)  (2364,1879)  (2372,1787)  (2318,1904)
SZ39  (47,1410)  (1,1455)  (1,1409)  (92,1456)  (46,1501)  (0,1501)  (117,1502)
Serbia  (1888,1861)  (1842,1906)  (1842,1860)  (1933,1907)  (1888,1815)  (1934,1815)  (1934,1861)  (1840,1814)  (1886,1769)
Edessa  (2894,2362)  (2848,2369)  (2900,2316)  (2940,2362)  (2946,2316)  (2938,2409)
Mesopotamia  (3104,2664)  (3058,2683)  (3058,2637)  (3142,2710)  (3104,2618)  (3096,2729)  (3030,2591)  (3012,2659)  (3076,2572)  (2998,2545)
Magdeburg  (1465,1142)  (1420,1154)  (1381,1178)  (1335,1156)  (1333,1108)  (1377,1129)  (1421,1107)  (1465,1097)  (1331,1070)  (1376,1075)
Rhine  (1156,1451)  (1208,1446)  (1199,1394)  (1255,1448)  (1246,1397)  (1225,1354)  (1274,1349)  (1319,1340)  (1297,1398)  (1304,1451)
Jordan  (2857,2804)  (2811,2835)  (2811,2789)  (2902,2850)  (2857,2758)  (2903,2785)  (2856,2881)
SZ18  (740,430)  (694,475)  (694,429)  (785,476)  (740,384)  (786,384)  (786,430)  (692,383)  (832,350)  (832,396)
South Wales  (417,1139)  (472,1155)  (458,1111)  (503,1111)
SZ88  (2558,2614)  (2512,2632)  (2512,2586)  (2564,2660)  (2558,2568)  (2604,2591)
SZ19  (835,518)  (896,519)  (947,519)  (862,470)  (913,470)  (862,566)  (917,569)
Catalonia  (701,2079)  (731,2036)  (768,2007)  (792,1975)  (846,1972)
SZ30  (392,977)  (398,1023)  (438,954)  (396,1069)  (350,1110)  (304,1138)  (361,1156)
SZ89  (2633,2487)  (2587,2503)  (2587,2457)  (2678,2533)  (2633,2441)  (2679,2441)  (2679,2487)
Lancashire  (506,846)  (548,847)  (503,893)  (549,895)  (520,933)
SZ96  (2540,1962)
Gascony  (644,1765)  (692,1764)  (736,1766)  (639,1817)  (686,1817)  (731,1817)  (723,1865)  (667,1864)
Hanovre  (1185,1065)  (1139,1110)  (1139,1064)  (1230,1111)  (1185,1019)  (1231,1019)  (1231,1065)  (1137,1018)  (1277,998)  (1277,1044)  (1277,1090)  (1185,1121)  (1174,970)  (1096,1092)
Umbria  (1493,1958)  (1451,1925)  (1446,1882)
SZ103  (3459,1815)  (3504,1861)  (3458,1861)  (3444,1769)  (3505,1796)  (3506,1907)  (3460,1907)
Carpathians  (2195,1653)  (2189,1699)  (2194,1607)  (2125,1718)  (2166,1557)  (2079,1708)  (2141,1511)
SZ15  (201,235)  (155,280)  (155,234)  (246,281)  (201,189)  (247,189)  (247,235)  (153,188)  (109,303)  (109,257)  (292,281)  (199,143)  (245,143)  (291,143)  (293,189)  (293,235)  (107,211)  (107,165)  (153,142)  (84,119)  (63,303)  (63,257)  (199,97)  (245,97)  (291,97)  (61,211)  (61,165)  (130,96)  (38,119)  (38,73)  (84,73)  (17,303)  (17,257)  (176,51)  (222,51)  (268,51)  (314,51)  (15,211)  (15,165)  (130,50)  (0,27)  (46,27)  (176,5)  (222,5)  (268,5)  (314,5)  (92,4)
Provence  (988,1820)  (1036,1856)  (1035,1810)  (1092,1833)
Galacia  (203,1901)  (215,1950)  (266,1951)  (257,1901)  (317,1891)  (245,1861)
SZ60  (997,2166)  (951,2200)  (951,2154)  (1043,2130)  (1043,2176)  (935,2108)  (1089,2112)  (1089,2158)
Bulgaria  (2125,1911)  (2079,1956)  (2079,1910)  (2171,1874)  (2171,1920)  (2059,1864)  (2033,1956)  (2033,1910)  (2217,1874)  (2013,1864)  (2263,1853)
SZ59  (1041,2287)  (1023,2333)  (1087,2247)  (1087,2293)  (1133,2247)  (1133,2293)  (1008,2252)  (1084,2332)  (1132,2341)
Moscovia  (2874,965)  (2828,1010)  (2828,964)  (2919,1011)  (2874,919)  (2920,919)  (2920,965)  (2826,918)  (2873,1056)  (2827,1056)  (2782,1010)  (2782,964)  (2965,1011)  (2965,1057)  (2919,1057)  (2781,1057)  (2872,873)  (2918,873)  (2964,873)  (2966,919)  (2966,965)  (2780,918)  (2780,872)  (2826,872)  (3010,829)  (2873,1102)  (2827,1102)  (2736,1011)  (2736,965)  (3011,1011)  (3011,1057)  (3011,1103)  (2965,1103)  (2919,1103)  (2781,1103)  (2735,1103)  (2735,1057)  (2872,827)  (2918,827)  (2964,827)  (3012,875)  (3012,921)  (2734,919)  (2734,873)  (2754,826)  (2800,826)  (3056,808)  (3057,967)  (3057,1013)  (3057,1059)  (3057,1105)  (2689,1120)  (2689,1074)  (2689,1028)  (3058,854)  (3058,900)  (3102,808)  (3103,946)  (3103,992)  (3103,1038)  (3103,1084)  (3104,854)  (3104,900)  (3148,808)  (3149,946)  (3149,992)  (3149,1038)  (3150,854)  (3150,900)  (3194,808)  (3195,946)  (3195,992)  (3195,1038)  (3196,854)  (3196,900)  (3240,808)  (3241,946)  (3241,992)  (3242,854)  (3242,900)  (3286,808)  (3287,946)  (3287,992)  (3288,854)  (3288,900)  (3332,808)  (3333,946)  (3333,992)  (3334,854)  (3334,900)
Palestine  (2726,2706)  (2753,2752)  (2707,2752)  (2722,2660)  (2768,2660)  (2737,2798)  (2691,2798)  (2719,2844)
Yorkshire  (603,1010)  (649,1002)  (688,981)  (605,958)  (655,946)
SZ75  (1652,2025)  (1702,2034)  (1741,2017)  (1736,2066)  (1670,2130)  (1695,2176)  (1740,2177)
Apulia  (1705,2096)  (1643,2072)  (1610,2048)  (1573,2006)
Northumberland  (570,816)  (588,859)  (587,904)  (634,906)
Esthonia  (2124,446)  (2078,458)  (2078,412)  (2169,492)  (2124,400)  (2170,400)  (2170,446)  (2123,504)  (2215,503)  (2169,538)  (1982,480)
Moldavia  (2281,1707)  (2314,1753)  (2268,1753)  (2266,1661)  (2312,1661)  (2327,1707)  (2305,1799)  (2262,1615)  (2251,1569)
Pyrenees  (721,1917)
SZ54  (464,2433)  (418,2436)  (510,2396)  (510,2442)  (556,2396)  (556,2442)
SZ73  (1688,2396)  (1637,2395)  (1743,2391)  (1654,2345)  (1705,2346)  (1658,2446)  (1711,2444)
Leinster  (253,1006)  (306,1002)  (257,1052)  (299,1090)  (314,1046)
SZ72  (1571,2466)  (1525,2510)  (1525,2464)  (1616,2512)  (1571,2420)  (1662,2499)  (1662,2545)  (1708,2499)  (1708,2545)  (1754,2489)  (1754,2535)  (1790,2443)  (1800,2489)  (1800,2535)
SZ57  (801,2078)  (755,2094)  (847,2039)  (847,2085)  (891,2104)  (884,2056)  (886,1961)  (886,2006)
SZ94  (2486,1686)  (2474,1640)  (2532,1674)
Smyrna  (2343,2280)  (2297,2322)  (2297,2276)  (2388,2326)  (2346,2234)  (2409,2372)
SZ13  (910,264)  (864,303)  (864,257)  (910,218)  (956,303)  (856,211)  (818,303)  (818,257)  (902,172)  (810,211)  (810,165)  (856,165)  (772,303)  (772,257)  (902,126)  (764,211)  (764,165)  (764,119)  (810,119)  (856,119)  (902,80)  (740,73)  (786,73)  (832,73)  (948,55)  (878,34)  (740,27)  (786,27)  (832,27)  (924,9)  (970,9)
Brittany  (464,1455)  (513,1448)  (514,1496)  (564,1513)  (563,1467)  (571,1561)  (611,1475)  (613,1523)
SZ55  (665,2395)  (711,2359)  (613,2421)  (757,2330)
Navarre  (598,1965)  (608,1921)  (561,1926)  (536,1884)  (586,1882)
Alps  (1285,1613)  (1331,1585)  (1377,1585)  (1138,1647)
West Sahara  (224,2718)  (178,2763)  (267,2764)  (196,2672)  (242,2672)  (270,2718)  (288,2654)  (221,2809)  (175,2809)  (316,2700)  (316,2746)  (159,2855)
Edinburgh  (554,765)  (514,791)  (499,753)  (508,710)
SZ14  (444,266)  (398,303)  (398,257)  (444,220)  (490,220)  (490,266)  (388,211)  (434,174)  (480,174)  (526,174)  (536,220)  (536,266)  (374,165)  (572,138)  (420,128)  (466,128)  (512,128)  (582,184)  (582,230)  (582,276)  (374,119)  (558,92)  (604,92)  (618,138)  (420,82)  (466,82)  (512,82)  (628,184)  (628,230)  (628,276)  (374,73)  (650,60)  (558,46)  (604,46)  (664,106)  (420,36)  (466,36)  (512,36)  (674,152)  (674,198)  (674,244)  (674,290)  (374,27)  (650,14)  (558,0)  (604,0)
Algeria  (1020,2444)  (974,2489)  (974,2443)  (1065,2490)  (1027,2398)  (1066,2444)  (1073,2391)  (958,2397)  (1019,2535)  (928,2522)  (1101,2536)  (1112,2437)  (1119,2386)  (1055,2581)  (1106,2582)
SZ58  (855,2274)  (806,2272)  (804,2227)  (803,2181)  (802,2318)  (852,2320)  (900,2319)  (951,2319)  (903,2270)  (949,2267)  (854,2227)  (893,2225)  (884,2179)  (807,2359)
Ingria  (2378,401)  (2332,446)  (2332,400)  (2378,355)  (2424,355)  (2424,401)  (2286,468)  (2286,422)  (2469,447)  (2470,331)  (2470,377)  (2240,434)  (2515,423)  (2516,312)  (2516,358)
Kiutayeh  (2348,2143)  (2302,2179)  (2302,2133)  (2394,2097)  (2256,2184)  (2256,2138)  (2440,2070)
Ostra Gotaland  (1573,555)  (1574,507)  (1625,492)  (1624,543)  (1605,606)  (1601,660)  (1553,599)  (1519,551)  (1518,506)  (1472,530)
Andalusia  (309,2312)  (358,2313)  (404,2312)  (367,2263)  (352,2360)  (393,2360)
UstUrt  (3880,2283)  (3834,2328)  (3834,2282)  (3925,2329)  (3880,2237)  (3926,2237)  (3926,2283)  (3832,2236)  (3879,2374)  (3833,2374)  (3952,2375)  (3878,2191)  (3924,2191)  (3800,2190)  (3787,2379)  (3906,2420)  (3860,2420)  (3952,2421)  (3741,2397)  (3865,2145)  (3911,2145)  (3814,2425)  (3906,2466)  (3860,2466)  (3833,2099)  (3879,2099)
SZ53  (287,2537)  (289,2486)  (290,2433)  (289,2383)  (336,2428)
Champagne  (1019,1471)  (973,1516)  (973,1470)  (1019,1425)  (1065,1425)  (1065,1471)  (963,1562)  (1007,1379)
Oxfordshire  (542,1143)  (593,1144)  (544,1100)  (594,1095)  (613,1056)
Libya  (1666,2881)  (1620,2926)  (1620,2880)  (1711,2927)  (1666,2835)  (1712,2835)  (1712,2881)  (1618,2834)  (1574,2954)  (1757,2927)  (1664,2789)  (1758,2841)  (1603,2788)  (1803,2887)  (1803,2933)  (1804,2841)
Areg  (1131,2790)  (1085,2810)  (1085,2764)  (1176,2836)  (1131,2744)  (1177,2744)  (1177,2790)  (1058,2718)  (1039,2810)  (1039,2764)  (1222,2836)  (1222,2882)  (1176,2882)  (1104,2698)  (1150,2698)  (1196,2698)  (1223,2744)  (1223,2790)  (1012,2718)  (1032,2672)  (993,2828)  (993,2782)  (1083,2652)  (1269,2722)
SZ56  (715,2280)  (724,2234)  (708,2188)  (754,2188)  (722,2142)  (668,2309)  (618,2346)
Syria  (2917,2578)  (2871,2623)  (2871,2577)  (2940,2624)  (2917,2532)  (2894,2669)  (2848,2669)  (2945,2670)  (2872,2486)  (2918,2486)  (2974,2716)  (2928,2716)  (3020,2738)  (2974,2762)
SZ76  (1639,1991)  (1596,1952)  (1547,1940)  (1543,1888)  (1502,1871)  (1486,1826)
Croatia  (1646,1790)  (1600,1802)  (1634,1744)  (1655,1837)  (1692,1774)
New Castille  (420,2217)  (429,2164)  (433,2114)  (427,2063)  (477,2069)  (481,2115)  (480,2160)  (472,2206)  (526,2169)  (530,2116)  (531,2074)  (580,2071)  (582,2112)  (571,2165)
Hellas  (1956,2237)  (2010,2234)  (1938,2287)  (1992,2288)  (1965,2330)
SZ16  (336,427)  (290,472)  (290,426)  (369,473)  (336,381)  (382,381)  (382,427)  (288,380)  (323,518)  (277,518)  (244,472)  (244,426)  (242,380)  (231,531)  (198,485)  (198,439)  (196,393)  (185,560)  (152,514)  (152,468)  (150,422)  (150,376)  (139,560)  (106,514)  (106,468)  (104,422)  (104,376)  (93,560)  (60,514)  (60,468)  (58,422)  (58,376)  (47,560)  (14,514)  (14,468)  (12,422)  (12,376)  (1,560)
SZ78  (1530,1792)  (1552,1838)  (1590,1876)  (1639,1891)  (1650,1938)  (1699,1939)  (1694,1988)  (1749,1971)
Candia  (2061,2466)  (2112,2479)  (2167,2485)
Bessarabia  (2376,1573)  (2330,1583)  (2330,1537)  (2416,1619)  (2376,1527)  (2422,1527)  (2422,1573)  (2293,1491)  (2339,1481)  (2385,1481)
SZ20  (810,646)  (764,691)  (764,645)  (855,692)  (810,600)  (856,624)  (762,599)  (809,737)  (718,663)  (873,738)  (717,553)  (763,553)
Lithuania  (2028,809)  (1982,831)  (1982,785)  (2073,855)  (2028,763)  (2074,763)  (2074,809)  (2027,877)  (1957,739)  (1936,803)  (2119,855)  (2081,901)  (2120,783)
Karamania  (2606,2293)  (2560,2338)  (2651,2339)  (2608,2247)  (2652,2293)  (2654,2245)  (2594,2384)  (2514,2344)  (2599,2201)  (2698,2291)  (2645,2199)  (2691,2199)  (2700,2245)  (2737,2162)  (2573,2155)  (2619,2153)  (2665,2153)  (2746,2208)  (2783,2137)
SZ77  (1413,1715)  (1457,1706)  (1413,1773)  (1458,1754)  (1436,1808)  (1518,1742)
Calabria  (1608,2257)  (1636,2189)  (1620,2146)  (1584,2110)
SZ74  (1716,2227)  (1762,2228)  (1806,2229)  (1720,2281)  (1759,2282)  (1801,2281)  (1775,2330)  (1802,2374)
SZ23  (80,789)  (34,834)  (34,788)  (125,835)  (80,743)  (126,743)  (126,789)  (32,742)  (79,880)  (33,880)
Ulster  (288,895)  (242,851)  (308,941)  (262,941)  (288,849)  (334,875)
Slovenia  (1581,1663)  (1535,1685)  (1577,1617)  (1623,1617)  (1627,1663)  (1586,1709)  (1530,1637)
Anatolia  (2473,2211)  (2427,2246)  (2427,2200)  (2518,2257)  (2473,2165)  (2519,2165)  (2519,2211)
Thessaly  (1878,2156)  (1907,2110)  (1956,2138)  (1905,2200)  (1951,2180)
SZ22  (235,656)  (189,688)  (189,642)  (235,610)  (281,610)  (281,656)  (143,688)  (143,642)  (97,688)  (97,642)  (51,688)  (51,642)  (5,688)  (5,642)
Eturia  (1292,1820)  (1331,1801)  (1311,1867)  (1352,1854)  (1342,1905)  (1383,1934)