28 Sea Zone  (1680,1394)  (1634,1439)  (1634,1393)  (1725,1440)  (1680,1348)  (1726,1348)  (1726,1394)  (1632,1347)  (1588,1419)  (1771,1440)  (1771,1486)  (1725,1486)  (1678,1302)  (1724,1302)  (1770,1302)  (1772,1348)  (1772,1394)  (1594,1301)  (1559,1373)  (1816,1282)  (1817,1440)  (1817,1486)  (1817,1532)  (1818,1328)  (1818,1374)  (1513,1381)  (1497,1335)  (1451,1350)
New Britain  (1670,1212)
7 Sea Zone  (2423,418)  (2468,464)  (2422,464)  (2378,372)  (2424,372)  (2469,418)  (2470,371)  (2475,510)  (2429,510)  (2383,510)  (2378,326)  (2424,326)  (2470,325)  (2475,556)  (2429,556)  (2383,556)  (2378,280)  (2424,280)  (2470,279)
Hawaiian  (2274,811)
Yunnan  (482,542)  (503,588)  (445,496)  (491,496)
Anhwe  (690,286)  (705,332)  (661,240)
31 Sea Zone  (1231,2009)  (1185,2046)  (1185,2000)  (1231,1963)  (1277,1963)  (1277,2009)  (1175,1954)  (1139,2046)  (1139,2000)  (1323,1995)  (1323,2041)  (1369,2013)
Midway  (2063,433)
27 Sea Zone  (1394,1070)  (1394,1116)  (1440,1069)  (1440,1115)  (1463,1161)  (1486,1069)  (1486,1115)  (1509,1161)  (1522,1207)  (1532,1069)  (1532,1115)  (1555,1161)  (1578,1069)  (1578,1115)  (1601,1161)  (1624,1069)  (1624,1115)  (1647,1161)  (1670,1069)  (1670,1115)  (1709,1235)  (1716,1069)  (1716,1115)  (1744,1161)  (1755,1207)  (1762,1069)  (1762,1115)  (1790,1161)  (1801,1207)  (1808,1069)  (1808,1115)
5 Sea Zone  (2612,324)  (2566,369)  (2566,323)  (2657,370)  (2612,278)  (2658,278)  (2658,324)  (2564,277)  (2611,415)  (2565,415)  (2703,377)  (2657,416)  (2610,232)  (2656,232)  (2702,232)  (2704,278)  (2522,231)  (2611,461)  (2565,461)  (2695,462)  (2568,186)  (2614,186)  (2660,186)  (2706,186)  (2522,185)  (2752,152)  (2649,507)  (2603,507)  (2557,507)  (2715,508)  (2568,140)  (2614,140)  (2660,140)  (2706,140)  (2522,139)  (2669,553)  (2623,553)  (2577,553)  (2531,553)  (2739,554)  (2568,94)  (2614,94)  (2660,94)  (2706,94)  (2522,93)  (2693,599)  (2647,599)  (2601,599)  (2749,600)  (2568,48)  (2614,48)  (2660,48)  (2522,47)  (2703,645)  (2657,645)  (2790,646)  (2568,2)  (2614,2)  (2836,685)  (2744,691)  (2790,692)  (2882,730)  (2836,731)
Northern Territory  (1203,1662)  (1157,1707)  (1157,1661)  (1248,1708)  (1203,1616)  (1249,1616)  (1249,1662)  (1155,1615)  (1111,1749)  (1111,1703)  (1294,1708)  (1241,1570)  (1287,1570)  (1295,1616)  (1295,1662)  (1109,1657)  (1253,1524)  (1299,1524)
23 Sea Zone  (1524,109)  (1478,154)  (1478,108)  (1569,155)  (1524,63)  (1570,63)  (1570,109)  (1476,62)  (1523,200)  (1477,200)  (1432,154)  (1432,108)  (1615,155)  (1615,201)  (1569,201)  (1431,201)  (1522,17)  (1568,17)  (1614,17)  (1616,63)  (1616,109)  (1430,62)  (1430,16)  (1476,16)
Sumatra  (442,1204)
Gilbert  (1955,1030)
Line  (2609,1085)
New South Wales  (1500,1956)  (1454,2001)  (1454,1955)  (1545,2002)  (1500,1910)  (1546,1910)  (1546,1956)  (1452,1909)  (1498,1864)  (1544,1864)  (1590,1864)  (1592,1910)  (1445,1863)  (1636,1820)  (1491,1818)  (1537,1818)  (1583,1818)  (1638,1866)  (1445,1817)
Soviet Union  (1001,23)
Manchuria  (767,76)  (721,121)  (721,75)  (812,122)  (767,30)  (813,30)  (813,76)  (719,29)  (766,167)  (675,122)  (675,76)  (859,1)  (859,47)  (859,93)  (673,30)  (905,1)  (905,47)  (951,5)
42 Sea Zone  (518,1873)  (472,1918)  (472,1872)  (563,1919)  (518,1827)  (564,1827)  (564,1873)  (470,1826)  (517,1964)  (471,1964)  (426,1918)  (426,1872)  (609,1919)  (609,1965)  (563,1965)  (425,1965)  (516,1781)  (562,1781)  (608,1781)  (610,1827)  (610,1873)  (424,1826)  (424,1780)  (470,1780)  (654,1737)  (517,2010)  (471,2010)  (655,1919)  (655,1965)  (655,2011)  (609,2011)  (563,2011)  (425,2011)  (516,1735)  (562,1735)  (608,1735)  (656,1783)  (656,1829)  (398,1734)  (444,1734)  (654,1691)  (490,1689)  (536,1689)  (582,1689)  (398,1688)  (444,1688)
53 Sea Zone  (307,924)  (261,969)  (261,923)  (352,970)  (307,878)  (353,878)  (353,924)  (259,877)  (306,1015)  (260,1015)  (332,832)
Tsinghai  (88,90)  (42,135)  (42,89)  (133,136)  (88,44)  (134,44)  (134,90)  (40,43)  (87,181)  (41,181)  (180,1)  (180,47)  (180,93)  (112,227)  (66,227)  (20,227)  (226,1)  (226,47)  (226,93)  (116,273)  (272,1)  (272,47)  (272,93)  (318,1)  (318,47)  (364,1)  (364,47)  (410,34)
Philippines  (994,1033)
Shan State  (365,679)
Queensland  (1442,1696)  (1396,1741)  (1396,1695)  (1487,1742)  (1442,1650)  (1488,1650)  (1488,1696)  (1394,1649)  (1533,1742)  (1478,1604)  (1534,1666)  (1579,1712)
30 Sea Zone  (1732,1943)  (1686,1988)  (1686,1942)  (1777,1989)  (1732,1897)  (1778,1897)  (1778,1943)  (1731,2034)  (1685,2034)  (1823,1989)  (1823,2035)  (1777,2035)  (1639,2035)  (1701,1851)  (1747,1851)  (1793,1851)  (1824,1897)  (1824,1943)  (1839,1836)  (1869,1989)  (1869,2035)  (1698,1805)  (1744,1805)  (1790,1805)  (1870,1882)  (1870,1928)  (1885,1797)
Malaya  (487,1055)
50 Sea Zone  (45,1882)  (90,1928)  (44,1928)  (0,1836)  (46,1836)  (91,1882)  (92,1835)  (121,1974)  (75,1974)  (29,1974)  (0,1790)  (46,1790)  (92,1789)  (121,2020)  (75,2020)  (29,2020)  (0,1744)  (46,1744)  (92,1743)  (0,1698)  (46,1698)  (92,1697)
54 Sea Zone  (113,927)  (67,972)  (67,926)  (158,973)  (113,881)  (159,881)  (159,927)  (112,1018)  (66,1018)  (21,972)  (195,1019)  (20,1019)  (100,835)  (146,835)  (192,835)  (238,802)  (105,789)  (151,789)  (197,756)  (243,756)  (284,802)  (215,710)  (261,710)
Ryukyu  (1119,568)
India  (52,624)  (6,669)  (6,623)  (97,670)  (52,578)  (98,578)  (98,624)  (4,577)  (51,715)  (5,715)  (143,670)  (100,716)  (50,532)  (96,532)  (142,532)  (144,578)  (144,624)  (0,531)  (188,488)  (54,761)  (8,761)  (46,486)  (92,486)  (138,486)  (190,534)  (190,580)  (190,626)  (0,485)  (234,475)  (44,807)  (46,440)  (236,521)  (236,567)  (236,613)  (0,439)  (280,467)  (28,853)  (282,513)  (0,393)
New Hebrides  (1943,1580)
43 Sea Zone  (483,1377)  (483,1423)  (483,1469)  (483,1515)  (483,1561)  (483,1607)  (529,1391)  (529,1437)  (529,1483)  (529,1529)  (529,1575)  (568,1326)  (575,1405)  (575,1451)  (575,1497)  (575,1543)  (575,1589)  (614,1314)  (621,1420)  (621,1466)  (621,1512)  (621,1558)  (621,1604)  (640,1360)  (660,1314)  (667,1443)  (667,1489)  (667,1535)  (667,1581)  (686,1360)  (706,1314)  (713,1450)  (713,1496)  (713,1542)  (732,1360)  (752,1314)  (759,1449)  (759,1495)
41 Sea Zone  (847,1946)  (801,1991)  (801,1945)  (892,1992)  (847,1900)  (893,1900)  (893,1946)  (799,1899)  (846,2037)  (800,2037)  (755,1991)  (755,1945)  (938,1992)  (938,2038)  (892,2038)  (754,2038)  (845,1854)  (891,1854)  (939,1928)  (753,1899)  (753,1853)  (799,1853)  (984,2017)  (1030,2017)
4 Sea Zone  (2664,836)  (2618,881)  (2618,835)  (2709,882)  (2664,790)  (2710,790)  (2710,836)  (2616,789)  (2663,927)  (2617,927)  (2572,881)  (2572,835)  (2755,882)  (2755,928)  (2709,928)  (2571,928)  (2662,744)  (2756,769)  (2756,815)  (2570,789)  (2570,743)  (2616,743)  (2526,882)  (2526,836)  (2801,861)  (2801,907)  (2525,948)  (2802,792)  (2524,790)  (2524,744)  (2524,698)  (2570,697)  (2480,902)  (2480,856)  (2847,838)  (2847,884)  (2847,930)  (2479,948)  (2479,652)  (2478,810)  (2478,764)  (2478,718)  (2893,837)  (2893,883)  (2893,929)
44 Sea Zone  (750,1240)  (704,1267)  (704,1221)  (750,1194)  (684,1175)  (658,1267)  (658,1221)  (730,1148)  (776,1148)  (638,1175)  (649,1129)  (612,1267)  (612,1221)  (695,1102)  (741,1102)  (787,1102)  (592,1175)  (649,1083)  (695,1056)  (741,1056)  (787,1056)  (649,1037)  (695,1010)  (741,1010)  (787,1010)  (649,991)
11 Sea Zone  (2229,1487)  (2229,1533)  (2229,1579)  (2273,1441)  (2275,1487)  (2275,1533)  (2275,1579)  (2319,1395)  (2319,1441)  (2321,1487)  (2321,1533)  (2321,1579)  (2365,1349)  (2365,1395)  (2365,1441)  (2367,1487)  (2367,1533)  (2367,1579)  (2411,1303)  (2411,1409)  (2413,1455)  (2413,1501)  (2413,1547)  (2413,1593)  (2457,1257)  (2457,1303)  (2459,1431)  (2459,1477)  (2459,1523)  (2459,1569)  (2464,1349)  (2503,1254)  (2503,1300)  (2505,1446)  (2505,1492)  (2505,1538)  (2505,1584)  (2510,1346)  (2528,1392)  (2549,1254)  (2549,1300)  (2551,1438)  (2551,1484)  (2551,1530)  (2551,1576)  (2556,1346)  (2574,1392)  (2595,1254)  (2595,1300)  (2597,1438)  (2597,1484)  (2597,1530)  (2597,1576)  (2602,1346)
51 Sea Zone  (115,1485)  (69,1530)  (69,1484)  (160,1531)  (115,1439)  (161,1439)  (161,1485)  (67,1438)  (114,1576)  (68,1576)  (23,1530)  (23,1484)  (206,1531)  (206,1577)  (160,1577)  (22,1577)  (113,1393)  (159,1393)  (205,1393)  (207,1439)  (207,1485)  (21,1438)  (21,1392)  (67,1392)
25 Sea Zone  (1305,487)  (1305,533)  (1305,579)  (1305,625)  (1305,671)  (1351,486)  (1351,532)  (1351,578)  (1351,624)  (1393,715)  (1397,486)  (1397,532)  (1397,578)  (1397,624)  (1439,670)  (1443,552)  (1457,486)  (1485,653)  (1485,699)  (1503,486)  (1503,532)  (1514,600)  (1531,646)  (1531,692)  (1549,486)  (1549,532)  (1560,578)  (1577,624)  (1577,670)  (1595,486)  (1595,532)  (1606,578)  (1623,624)  (1623,670)  (1641,486)  (1641,532)
Hopei  (576,254)  (618,300)  (572,300)  (533,208)  (579,208)
Hunan  (673,450)  (656,404)
Borneo  (665,1185)  (699,1231)  (653,1231)  (706,1139)  (711,1185)
29 Sea Zone  (1678,1636)  (1632,1664)  (1632,1618)  (1723,1682)  (1678,1590)  (1724,1590)  (1724,1636)  (1613,1572)  (1677,1710)  (1586,1621)  (1769,1682)  (1769,1728)  (1723,1728)  (1659,1544)  (1770,1580)  (1770,1626)  (1567,1567)  (1613,1526)  (1562,1521)  (1815,1672)  (1815,1718)  (1816,1603)  (1525,1475)
Western Australia  (1001,1815)  (955,1818)  (955,1772)  (1046,1861)  (1001,1769)  (1047,1769)  (1047,1815)  (1000,1864)  (1047,1907)  (974,1723)  (1020,1723)  (1026,1953)
34 Sea Zone  (1138,763)  (1138,809)  (1138,855)  (1138,901)  (1138,947)  (1138,993)  (1184,762)  (1184,808)  (1184,854)  (1184,900)  (1184,998)  (1230,762)  (1230,808)  (1230,854)  (1230,991)  (1276,762)  (1276,808)  (1276,854)  (1276,970)  (1276,1016)  (1288,900)  (1322,762)  (1322,808)  (1322,854)  (1322,946)  (1322,992)  (1334,900)  (1368,762)  (1368,808)  (1368,854)  (1368,946)  (1368,992)  (1380,900)
Canada  (2832,58)  (2786,90)  (2786,44)  (2877,104)  (2832,12)  (2878,12)  (2878,58)  (2831,136)  (2740,21)
12 Sea Zone  (2462,1798)  (2416,1843)  (2416,1797)  (2507,1844)  (2462,1752)  (2508,1752)  (2508,1798)  (2414,1751)  (2461,1889)  (2370,1848)  (2370,1802)  (2553,1844)  (2553,1890)  (2507,1890)  (2460,1706)  (2506,1706)  (2552,1706)  (2554,1752)  (2554,1798)  (2368,1756)  (2368,1710)  (2414,1705)  (2327,1664)  (2598,1662)  (2461,1935)  (2324,1848)  (2324,1802)  (2599,1844)  (2599,1890)  (2599,1936)  (2553,1936)  (2507,1936)  (2460,1660)  (2506,1660)  (2552,1660)  (2600,1708)  (2600,1754)  (2322,1756)  (2322,1710)  (2373,1659)  (2281,1664)  (2461,1981)  (2278,1848)  (2278,1802)  (2604,1982)  (2558,1982)  (2512,1982)  (2276,1756)  (2276,1710)  (2235,1664)  (2466,2027)  (2420,2027)  (2232,1848)  (2232,1802)  (2604,2028)  (2558,2028)  (2512,2028)  (2230,1756)  (2230,1710)
Java  (577,1368)
32 Sea Zone  (1253,1418)  (1207,1463)  (1207,1417)  (1253,1372)  (1299,1372)  (1299,1418)  (1205,1371)  (1161,1504)  (1161,1458)  (1345,1369)  (1345,1415)  (1159,1412)  (1365,1461)  (1388,1507)  (1115,1520)  (1115,1474)  (1391,1390)  (1113,1428)  (1113,1382)  (1409,1553)  (1411,1436)  (1434,1482)  (1457,1423)
Kweichow  (549,409)  (503,368)  (594,455)  (549,363)  (595,393)
Siam  (467,783)  (512,829)  (447,737)  (513,752)
Hainan  (639,708)
46 Sea Zone  (544,1001)  (498,973)  (589,1047)  (543,1047)  (544,955)  (590,955)  (590,1001)  (469,927)  (602,1093)  (556,1093)
Samoa  (2488,1407)
8 Sea Zone  (2265,383)  (2310,429)  (2264,429)  (2225,337)  (2271,337)  (2311,383)  (2317,331)  (2331,475)  (2285,475)  (2239,475)  (2225,291)  (2271,291)  (2317,285)
26 Sea Zone  (1436,763)  (1436,809)  (1436,855)  (1436,901)  (1436,947)  (1436,993)  (1482,762)  (1482,808)  (1482,854)  (1482,950)  (1482,996)  (1528,762)  (1528,808)  (1528,854)  (1528,950)  (1528,996)  (1574,762)  (1574,808)  (1574,958)  (1574,1004)  (1587,854)  (1620,762)  (1620,808)  (1620,971)  (1620,1017)  (1633,854)  (1666,780)  (1666,961)  (1666,1007)  (1679,826)  (1679,872)  (1712,918)  (1712,964)  (1712,1010)  (1725,839)  (1758,885)  (1758,931)  (1758,977)  (1804,918)  (1804,964)  (1804,1010)
Johnston  (2299,1026)
Shantung  (798,373)  (827,419)  (782,327)
Kwangsi  (589,576)
French Indo-China  (529,676)  (585,790)  (616,836)  (592,882)
Papua  (1407,1299)
38 Sea Zone  (860,850)  (860,896)  (860,942)  (860,1057)  (860,1103)  (906,1028)  (906,1074)  (906,1120)  (914,763)  (915,809)  (952,1080)  (952,1126)  (960,762)  (961,808)  (966,854)  (971,900)  (998,1100)  (998,1146)  (1006,762)  (1007,808)  (1012,854)  (1017,900)  (1024,946)  (1037,992)  (1044,1038)  (1044,1084)  (1044,1130)  (1052,762)  (1053,808)  (1058,854)  (1063,900)  (1070,946)  (1083,992)
Himalayas  (160,386)  (114,391)  (114,345)  (206,367)  (206,413)  (68,332)  (252,371)  (287,417)  (22,322)  (333,422)
3 Sea Zone  (2462,996)  (2462,1042)  (2462,1088)  (2462,1134)  (2462,1180)  (2508,995)  (2508,1041)  (2508,1087)  (2508,1133)  (2508,1179)  (2554,995)  (2554,1041)  (2554,1087)  (2554,1133)  (2554,1179)  (2600,995)  (2600,1143)  (2600,1189)  (2627,1041)  (2646,995)  (2646,1143)  (2646,1189)  (2655,1087)  (2673,1041)  (2692,995)  (2692,1133)  (2692,1179)  (2701,1087)  (2719,1041)  (2738,995)  (2738,1133)  (2738,1179)  (2747,1087)  (2765,1041)  (2784,995)  (2784,1133)  (2784,1179)  (2793,1087)  (2811,1041)  (2830,995)  (2830,1133)  (2830,1179)  (2839,1087)  (2857,1041)  (2876,995)  (2876,1133)  (2876,1179)  (2885,1087)  (2903,1041)
Aleutian  (2078,47)
37 Sea Zone  (933,544)  (887,566)  (978,590)  (895,498)  (941,498)  (979,544)  (932,612)  (1022,636)  (911,452)  (957,452)  (976,658)  (930,658)  (1022,682)  (907,406)  (953,406)  (976,704)  (930,704)  (892,360)  (938,360)  (862,314)
Hong Kong  (695,592)
6 Sea Zone  (2411,85)  (2365,130)  (2365,84)  (2456,131)  (2411,39)  (2457,39)  (2457,85)  (2363,38)  (2410,176)  (2364,176)  (2319,130)  (2319,84)  (2475,177)  (2318,177)  (2317,38)
9 Sea Zone  (2197,561)  (2197,607)  (2197,653)  (2197,699)  (2197,745)  (2197,812)  (2197,858)  (2243,560)  (2243,606)  (2243,652)  (2243,698)  (2243,744)  (2243,838)  (2243,884)  (2289,560)  (2289,606)  (2289,652)  (2289,698)  (2289,744)  (2289,892)  (2314,790)  (2335,628)  (2335,674)  (2335,720)  (2335,880)  (2360,766)  (2360,812)  (2381,628)  (2381,674)  (2381,720)  (2381,858)  (2406,766)  (2406,812)
New Zealand  (2084,1983)
Bonin  (1412,385)
39 Sea Zone  (814,1196)  (814,1390)  (814,1436)  (814,1482)  (860,1195)  (860,1390)  (860,1436)  (860,1482)  (906,1195)  (906,1389)  (906,1435)  (906,1481)  (910,1320)  (952,1195)  (952,1366)  (952,1412)  (952,1458)  (952,1504)  (998,1350)  (998,1396)  (998,1442)  (998,1488)  (1016,1195)  (1021,1241)  (1044,1354)  (1044,1400)  (1044,1446)  (1044,1492)
36 Sea Zone  (1086,157)  (1040,202)  (1040,156)  (1131,203)  (1086,111)  (1132,111)  (1132,157)  (1038,110)  (1085,248)  (1039,248)  (994,202)  (994,156)  (1177,203)  (1177,249)  (1131,249)  (1084,65)  (1130,65)  (1176,65)  (1178,111)  (1178,157)  (1222,21)  (1085,294)  (1039,294)  (1223,203)  (1223,249)  (1223,295)  (1177,295)  (1131,295)  (1075,19)  (1121,19)  (1167,19)  (1224,67)  (1224,113)  (1268,1)  (1085,340)  (1039,340)  (1269,159)  (1269,205)  (1269,251)  (1269,297)  (1223,341)  (1177,341)  (1131,341)  (1270,47)  (1270,93)  (1271,343)  (1314,1)  (1085,386)  (1039,386)  (1315,139)  (1315,185)  (1315,231)  (1315,277)  (1225,387)  (1179,387)  (1133,387)  (1316,47)  (1316,93)  (1360,1)  (1087,432)  (1041,432)  (1361,139)  (1361,185)  (1361,231)  (1362,47)  (1362,93)  (1116,478)  (1070,478)  (1024,478)
Suiyuan  (533,57)  (487,91)  (487,45)  (578,103)  (533,11)  (579,17)
49 Sea Zone  (253,1882)  (207,1927)  (207,1881)  (298,1928)  (253,1836)  (299,1836)  (299,1882)  (205,1835)  (252,1973)  (206,1973)  (344,1928)  (344,1974)  (298,1974)  (251,1790)  (297,1790)  (343,1790)  (345,1836)  (345,1882)  (168,1789)  (252,2019)  (206,2019)  (351,2020)  (305,2020)  (214,1744)  (260,1744)  (306,1744)  (168,1743)  (214,1698)  (260,1698)  (306,1698)  (168,1697)
Fiji  (2106,1612)
45 Sea Zone  (645,753)  (649,918)  (667,799)  (671,845)  (679,706)  (691,752)  (695,891)  (713,798)  (717,844)  (725,675)  (737,721)  (741,890)  (759,767)  (763,813)  (771,647)  (783,693)  (787,859)  (787,905)  (805,739)  (809,785)  (855,750)  (855,796)
Burma  (358,565)  (333,519)  (404,545)  (404,591)
South Australia  (1210,1823)  (1164,1868)  (1164,1822)  (1255,1869)  (1256,1796)  (1118,1909)  (1118,1863)  (1118,1817)  (1301,1842)  (1302,1796)  (1317,1888)  (1347,1842)  (1348,1796)  (1363,1888)  (1393,1842)  (1394,1796)
Korea  (909,218)  (953,264)  (898,172)
52 Sea Zone  (101,1223)  (55,1268)  (55,1222)  (146,1269)  (101,1177)  (147,1177)  (147,1223)  (53,1176)  (100,1314)  (54,1314)  (9,1268)  (9,1222)  (192,1269)  (192,1315)  (146,1315)  (8,1315)  (99,1131)  (145,1131)  (191,1131)  (193,1177)  (193,1223)  (7,1176)  (7,1130)  (53,1130)
1 Sea Zone  (2776,1826)  (2730,1871)  (2730,1825)  (2821,1872)  (2776,1780)  (2822,1780)  (2822,1826)  (2728,1779)  (2775,1917)  (2729,1917)  (2684,1871)  (2684,1825)  (2867,1872)  (2867,1918)  (2821,1918)  (2683,1918)  (2774,1734)  (2820,1734)  (2866,1734)  (2868,1780)  (2868,1826)  (2682,1779)  (2682,1733)  (2728,1733)  (2775,1963)  (2729,1963)  (2905,1964)  (2859,1964)  (2683,1964)  (2774,1688)  (2820,1688)  (2866,1688)  (2651,1687)  (2697,1687)  (2813,2009)  (2767,2009)  (2905,2010)  (2859,2010)  (2721,2010)  (2675,2010)  (2743,1642)  (2789,1642)  (2835,1642)  (2881,1642)  (2651,1641)  (2697,1641)  (2743,1596)  (2789,1596)  (2835,1596)  (2881,1596)  (2651,1595)  (2697,1595)
48 Sea Zone  (355,1495)  (309,1540)  (309,1494)  (400,1541)  (355,1449)  (401,1449)  (401,1495)  (307,1448)  (354,1586)  (308,1586)  (436,1587)  (353,1403)  (399,1403)  (285,1402)
Caroline  (1550,893)
17 Sea Zone  (2050,737)  (2004,782)  (2004,736)  (2095,783)  (2050,691)  (2096,691)  (2096,737)  (2002,690)  (2049,828)  (2003,828)  (2141,783)  (2141,829)  (2095,829)  (2048,645)  (2094,645)  (2140,645)  (2142,691)  (2142,737)  (1977,644)  (2049,874)  (2003,874)  (2150,875)  (2104,875)  (2023,599)  (2069,599)  (2115,599)  (1977,598)
10 Sea Zone  (2173,950)  (2173,996)  (2173,1042)  (2173,1088)  (2173,1134)  (2173,1180)  (2173,1226)  (2173,1272)  (2173,1318)  (2173,1364)  (2173,1410)  (2219,949)  (2219,995)  (2219,1041)  (2219,1087)  (2219,1133)  (2219,1179)  (2219,1225)  (2219,1271)  (2219,1317)  (2219,1363)  (2265,949)  (2265,995)  (2265,1041)  (2265,1087)  (2265,1133)  (2265,1179)  (2265,1225)  (2265,1271)  (2265,1317)  (2311,949)  (2311,1065)  (2311,1111)  (2311,1157)  (2311,1203)  (2311,1249)  (2311,1295)  (2336,995)  (2357,949)  (2357,1041)  (2357,1087)  (2357,1133)  (2357,1179)  (2357,1225)  (2382,995)  (2403,949)  (2403,1041)  (2403,1087)  (2403,1133)  (2403,1179)
15 Sea Zone  (1882,1220)  (1882,1266)  (1882,1312)  (1882,1358)  (1882,1404)  (1928,1219)  (1928,1265)  (1928,1390)  (1928,1436)  (1974,1219)  (1974,1265)  (1974,1427)  (2012,1311)  (2020,1219)  (2020,1265)  (2020,1439)  (2051,1357)  (2058,1311)  (2066,1219)  (2066,1265)  (2066,1434)  (2097,1357)  (2104,1311)  (2112,1219)  (2112,1265)  (2112,1403)
Palau  (1251,934)
Kiangsi  (764,519)
2 Sea Zone  (2783,1379)  (2737,1424)  (2737,1378)  (2828,1425)  (2783,1333)  (2829,1333)  (2829,1379)  (2735,1332)  (2782,1470)  (2736,1470)  (2691,1424)  (2691,1378)  (2874,1425)  (2874,1471)  (2828,1471)  (2690,1471)  (2781,1287)  (2827,1287)  (2873,1287)  (2875,1333)  (2875,1379)  (2689,1332)  (2689,1286)  (2735,1286)  (2782,1516)  (2736,1516)  (2905,1517)  (2859,1517)  (2690,1517)
33 Sea Zone  (1159,1249)  (1113,1294)  (1113,1248)  (1204,1295)  (1205,1228)  (1111,1202)  (1250,1274)  (1250,1320)  (1094,1156)  (1241,1141)  (1287,1120)  (1094,1110)  (1140,1099)  (1212,1095)  (1333,1075)  (1333,1121)  (1258,1074)
Sikang  (228,226)  (182,247)  (273,272)  (207,180)  (253,180)  (274,226)  (227,293)
Marshall  (1823,782)
Mariana  (1446,635)
14 Sea Zone  (1882,1487)  (1882,1533)  (1882,1579)  (1882,1625)  (1882,1671)  (1882,1717)  (1928,1486)  (1928,1532)  (1928,1616)  (1928,1662)  (1928,1708)  (1974,1486)  (1974,1631)  (1974,1677)  (1974,1723)  (1995,1554)  (2020,1486)  (2020,1600)  (2020,1646)  (2020,1692)  (2020,1738)  (2041,1532)  (2066,1486)  (2066,1578)  (2066,1624)  (2066,1670)  (2066,1716)  (2087,1532)  (2112,1486)  (2112,1647)  (2112,1693)  (2112,1739)  (2133,1532)  (2155,1578)  (2158,1486)  (2158,1624)  (2158,1670)  (2158,1716)  (2179,1532)
United States  (2832,404)  (2786,449)  (2786,403)  (2877,450)  (2832,358)  (2878,358)  (2878,404)  (2784,357)  (2831,495)  (2785,495)  (2905,496)  (2830,312)  (2876,312)  (2765,311)  (2859,541)  (2813,541)  (2905,542)  (2811,266)  (2857,266)  (2903,266)  (2859,587)  (2905,588)  (2817,220)  (2863,220)  (2905,634)
35 Sea Zone  (1069,536)  (1069,582)  (1069,638)  (1069,684)  (1115,649)  (1115,695)  (1156,593)  (1161,639)  (1161,685)  (1163,439)  (1163,485)  (1169,531)  (1202,577)  (1207,623)  (1207,669)  (1207,715)  (1209,438)  (1209,484)  (1215,530)  (1248,576)  (1253,622)  (1253,668)  (1253,714)  (1255,438)  (1255,484)
16 Sea Zone  (1882,950)  (1882,996)  (1882,1042)  (1882,1088)  (1882,1134)  (1928,949)  (1928,1042)  (1928,1088)  (1928,1134)  (1974,949)  (1974,1077)  (1974,1123)  (1974,1169)  (1977,995)  (2020,949)  (2020,1041)  (2020,1087)  (2020,1133)  (2023,995)  (2066,949)  (2066,1041)  (2066,1087)  (2066,1133)  (2069,995)  (2112,949)  (2112,1041)  (2112,1087)  (2112,1133)  (2115,995)
19 Sea Zone  (1695,318)  (1695,364)  (1695,410)  (1695,456)  (1695,502)  (1695,548)  (1741,317)  (1741,363)  (1741,409)  (1741,500)  (1741,546)  (1787,317)  (1787,363)  (1787,409)  (1787,510)  (1812,455)  (1833,317)  (1833,363)  (1833,409)  (1833,501)  (1833,547)  (1858,455)  (1879,317)  (1879,363)  (1879,409)  (1879,501)  (1879,547)  (1904,455)  (1925,317)  (1925,363)  (1925,409)  (1925,501)  (1925,547)
Formosa  (845,667)
Wake  (1783,477)
New Guinea  (1428,1220)
Szechwan  (411,375)  (365,365)  (456,421)  (411,329)  (354,319)  (308,324)  (358,273)
Guam  (1364,691)
21 Sea Zone  (1977,2)  (1977,48)  (1977,103)  (1977,149)  (1977,195)  (2023,1)  (2023,96)  (2023,142)  (2023,188)  (2069,1)  (2069,86)  (2069,132)  (2069,178)  (2115,70)  (2115,116)  (2115,162)  (2115,208)  (2161,39)  (2161,85)  (2161,131)  (2161,177)  (2207,13)  (2207,59)  (2207,105)  (2207,151)  (2207,197)  (2253,1)  (2253,47)  (2253,93)  (2253,139)  (2253,185)
Shansi  (422,183)  (376,186)  (376,140)  (467,229)  (468,145)  (493,275)
22 Sea Zone  (1804,145)  (1758,190)  (1758,144)  (1849,191)  (1804,99)  (1850,99)  (1850,145)  (1756,98)  (1803,236)  (1757,236)  (1712,190)  (1712,144)  (1895,191)  (1895,237)  (1849,237)  (1711,237)  (1802,53)  (1848,53)  (1894,53)  (1896,99)  (1896,145)  (1710,98)  (1710,52)  (1756,52)  (1802,7)  (1848,7)  (1894,7)  (1695,6)  (1741,6)
Dutch New Guinea  (1285,1192)  (1331,1187)  (1345,1233)
Solomon  (1996,1378)
18 Sea Zone  (1695,599)  (1695,645)  (1695,691)  (1716,737)  (1741,598)  (1741,644)  (1741,690)  (1787,598)  (1787,644)  (1787,690)  (1811,832)  (1833,598)  (1833,644)  (1833,690)  (1844,736)  (1857,829)  (1857,875)  (1862,782)  (1879,598)  (1879,644)  (1879,690)  (1890,736)  (1903,828)  (1903,874)  (1908,782)  (1925,598)  (1925,644)  (1925,690)
47 Sea Zone  (335,1227)  (289,1272)  (289,1226)  (380,1273)  (335,1181)  (381,1181)  (381,1227)  (287,1180)  (334,1318)  (288,1318)  (426,1273)  (426,1319)  (380,1319)  (333,1135)  (379,1135)  (425,1135)  (427,1181)  (427,1227)  (259,1134)  (471,1132)  (472,1273)  (308,1089)  (354,1089)  (400,1089)  (473,1178)  (473,1224)  (518,1270)  (409,1043)  (519,1173)  (519,1219)
20 Sea Zone  (1977,257)  (1977,303)  (1977,349)  (1977,395)  (1977,441)  (1977,487)  (2023,256)  (2023,302)  (2023,348)  (2023,394)  (2023,440)  (2023,486)  (2069,256)  (2069,302)  (2069,348)  (2069,394)  (2069,477)  (2115,256)  (2115,302)  (2115,348)  (2115,394)  (2115,456)  (2115,502)  (2161,256)  (2161,302)  (2161,348)  (2161,394)  (2161,440)  (2161,486)
Celebes  (836,1298)
Japan  (1218,236)  (1222,38)
40 Sea Zone  (852,1682)  (806,1727)  (806,1681)  (882,1728)  (852,1636)  (898,1636)  (898,1682)  (804,1635)  (836,1773)  (790,1773)  (760,1727)  (760,1681)  (882,1774)  (850,1590)  (896,1590)  (942,1590)  (944,1636)  (758,1635)  (788,1589)  (744,1789)  (988,1563)  (990,1609)  (1034,1563)
24 Sea Zone  (1305,438)  (1339,392)  (1351,438)  (1372,346)  (1410,293)  (1435,426)  (1446,339)  (1456,269)  (1481,385)  (1481,431)  (1492,315)  (1502,269)  (1527,361)  (1527,407)  (1538,315)  (1548,269)  (1573,361)  (1573,407)  (1584,315)  (1594,269)  (1619,361)  (1619,407)  (1630,315)  (1640,269)
13 Sea Zone  (2249,1961)  (2203,2006)  (2203,1960)  (2294,2007)  (2249,1915)  (2295,1915)  (2295,1961)  (2201,1914)  (2157,2046)  (2157,2000)  (2340,2007)  (2341,1895)  (2341,1941)  (2155,1954)  (2155,1908)  (2149,1862)  (2111,2046)  (2111,2000)  (2109,1954)  (2109,1908)  (2103,1862)  (2103,1816)  (2149,1816)  (2065,2005)  (2063,1959)  (2063,1913)  (2057,1867)  (2057,1821)  (2017,1997)  (2017,1951)  (2011,1905)  (2011,1859)  (2011,1813)  (1971,2033)  (1971,1987)  (1965,1941)  (1965,1895)  (1965,1849)  (1965,1803)