S. Khand  (1992,2569)  (1946,2614)  (1946,2568)  (2037,2615)  (1992,2523)  (2038,2523)  (2038,2569)  (1944,2522)  (1991,2660)  (1945,2660)  (1900,2614)  (1900,2568)  (2083,2615)  (2083,2661)  (2037,2661)  (1899,2661)  (1990,2477)  (2036,2477)  (2082,2477)  (2084,2523)  (2084,2569)  (1898,2522)  (1941,2476)  (1854,2615)  (1854,2569)  (1853,2670)  (1987,2431)  (2033,2431)  (2079,2431)  (2001,2385)  (2047,2385)  (2093,2385)  (2011,2339)  (2057,2339)  (2103,2339)  (2039,2293)  (2085,2293)  (2101,2247)
Midgewater  (397,312)
N. Downs  (389,78)
W. Osg.  (1465,1580)  (1465,1536)  (1468,1493)  (1468,1623)  (1424,1538)  (1424,1584)
E. Osg.  (1521,1590)  (1521,1546)  (1518,1498)  (1519,1630)  (1563,1598)  (1562,1557)  (1562,1511)
W. Mordor Mtns.  (1629,1394)  (1645,1471)
Gwathlo Mouth  (114,1074)  (149,1120)  (103,1120)  (80,1028)  (126,1028)  (132,1166)  (86,1166)  (115,1212)
High Mirkwood  (1390,20)  (1344,42)  (1435,66)  (1436,0)  (1298,16)  (1481,46)
Withered Heath  (1816,0)  (1770,36)  (1862,0)  (1724,23)  (1908,0)  (1954,0)  (2000,0)  (2046,0)  (1575,0)  (2092,0)
Wold  (1111,986)  (1065,1031)  (1065,985)  (1153,1032)  (1157,964)  (1199,1010)
Eastfold  (985,1299)  (1218,1401)  (1171,1416)  (1157,1374)  (1114,1392)  (1082,1352)  (1036,1334)  (1023,1283)
Adorn  (651,1241)  (696,1287)  (697,1221)
S. Gondor  (1235,1960)  (1189,2005)  (1243,2006)  (1226,1914)  (1272,1914)  (1281,1960)  (1318,1887)
Andrast Coast  (225,1789)  (179,1820)  (271,1775)  (317,1797)  (103,1698)  (57,1733)  (11,1765)  (11,1719)  (4,1820)
Minas Tirith  (1243,1584)  (1293,1594)  (1344,1564)  (1347,1512)  (1220,1529)  (1237,1477)  (1290,1459)  (1259,1537)  (1300,1509)  (1301,1551)  (1333,1466)
N. E. Central Sea Zone  (647,1936)  (601,1981)  (601,1935)  (692,1982)  (647,1890)  (693,1890)  (693,1936)  (599,1889)  (646,2027)  (600,2027)  (555,1981)  (555,1935)  (738,1982)  (738,2028)  (692,2028)  (554,2028)  (739,1867)  (739,1913)  (553,1889)  (509,1982)  (509,1936)  (784,1959)  (784,2005)  (784,2051)  (508,2053)  (785,1867)  (785,1913)  (507,1890)  (830,1959)  (830,2005)  (830,2051)  (831,1868)
Carrock  (1147,40)  (1177,86)  (1188,132)  (1214,178)  (1239,224)  (1254,270)  (1234,316)
Lower Brandywine  (6,718)  (0,884)  (46,888)  (0,771)  (0,829)  (65,703)  (70,641)  (120,602)  (170,575)
S. Rhovanion  (1751,974)  (1705,1019)  (1705,973)  (1796,1020)  (1751,928)  (1797,928)  (1797,974)  (1703,927)  (1750,1065)  (1842,1020)  (1842,1066)  (1796,1066)  (1749,882)  (1795,882)  (1841,882)  (1843,928)  (1843,974)  (1689,881)  (1853,1112)  (1807,1112)
Fangorn  (933,963)  (955,1009)  (909,1009)  (921,917)  (967,917)  (979,963)  (906,1055)  (1003,1006)
S. Misty Mtns.  (767,949)  (813,951)  (719,897)
Nurn  (1908,1840)  (1862,1866)  (1954,1801)  (1954,1847)  (1816,1866)  (2000,1840)  (1770,1869)  (2046,1840)  (2092,1834)
Helms Deep  (817,1362)  (868,1374)  (918,1355)  (802,1308)  (832,1255)  (929,1302)  (892,1250)  (844,1298)  (887,1318)
S. Dunland  (576,999)  (596,953)  (581,1045)  (642,945)  (535,1077)  (577,1123)  (531,1123)  (564,1169)
E. Nimrais  (1118,1454)  (1179,1465)
N. Haradwaith  (1449,2306)  (1403,2351)  (1403,2305)  (1494,2352)  (1495,2273)  (1357,2367)  (1357,2321)  (1540,2319)  (1540,2365)  (1311,2367)  (1311,2321)  (1586,2286)  (1586,2332)  (1265,2355)  (1632,2283)  (1678,2257)  (1724,2271)
Umbar  (1074,2385)  (1028,2430)  (1028,2384)  (1119,2431)  (1074,2339)  (1120,2339)  (1120,2385)  (1073,2476)  (1027,2476)  (982,2430)  (982,2384)  (1118,2293)  (1164,2293)  (1166,2339)  (1166,2385)  (1210,2273)  (1212,2319)
Bay of Harad  (705,2564)  (659,2603)  (751,2546)  (613,2613)  (797,2584)
Haradwaith  (1654,2541)  (1608,2586)  (1608,2540)  (1699,2587)  (1654,2495)  (1700,2495)  (1700,2541)  (1606,2494)  (1653,2632)  (1607,2632)  (1562,2586)  (1745,2587)  (1745,2633)  (1699,2633)  (1561,2633)  (1652,2449)  (1698,2449)  (1744,2449)  (1746,2495)  (1746,2541)  (1562,2448)  (1790,2405)  (1791,2668)  (1515,2669)  (1631,2403)  (1677,2403)  (1723,2403)  (1792,2451)  (1792,2497)  (1792,2543)  (1769,2359)  (1702,2357)
Lossarnach  (1303,1646)  (1352,1632)  (1387,1582)  (1402,1632)  (1326,1694)  (1376,1682)  (1425,1669)
Middle Anduin  (1279,959)  (1217,944)  (1263,1020)  (1205,886)  (1296,1231)  (1289,1181)  (1280,1129)  (1288,1071)  (1155,842)  (1109,804)
Anorien  (1268,1418)  (1316,1418)  (1360,1442)  (1386,1488)  (1430,1468)
Rhovanion  (1734,710)  (1688,755)  (1688,709)  (1779,756)  (1734,664)  (1780,664)  (1780,710)  (1686,663)  (1733,801)  (1687,801)  (1642,755)  (1642,709)  (1825,756)  (1825,802)  (1779,802)  (1641,802)  (1732,618)  (1778,618)  (1824,618)  (1826,664)  (1826,710)  (1640,663)  (1596,756)  (1871,756)  (1871,802)  (1872,630)  (1872,676)
Arnor  (249,24)  (203,69)  (203,23)  (294,70)  (295,0)  (207,115)  (161,115)  (157,69)  (157,23)  (340,46)  (341,0)  (111,44)  (387,0)  (433,0)
W. Sea Zone 6  (130,2611)  (84,2656)  (84,2610)  (175,2657)  (130,2565)  (176,2565)  (176,2611)  (82,2564)  (38,2676)  (38,2630)  (221,2657)  (222,2557)  (222,2603)  (36,2584)
N. W. Central Sea Zone  (299,1943)  (253,1988)  (253,1942)  (344,1989)  (299,1897)  (345,1897)  (345,1943)  (251,1896)  (298,2034)  (252,2034)  (207,1988)  (207,1942)  (390,1989)  (390,2035)  (344,2035)  (206,2035)  (391,1867)  (391,1913)  (205,1896)  (161,1989)  (161,1943)  (436,1959)  (436,2005)  (436,2051)  (160,2053)  (437,1868)  (159,1897)
Lefnui  (422,1802)  (376,1820)  (468,1807)  (418,1746)  (419,1690)  (420,1638)  (374,1602)  (383,1550)  (401,1494)  (480,1523)  (499,1472)
Enedwaith Coast  (258,1121)  (212,1166)  (212,1120)  (303,1167)  (304,1079)  (203,1074)  (231,1212)  (185,1212)  (350,1049)
Upper Brandywine  (181,353)
Lorien  (1005,784)  (1057,788)  (1008,731)  (1060,736)  (1045,688)
W. Sea Zone 1  (9,1107)  (33,1153)  (0,1061)  (33,1199)  (0,1015)  (33,1245)  (0,969)
Rhun  (2083,438)  (2117,484)  (2071,484)  (2076,392)  (2117,530)  (2116,353)  (2114,401)
Andrast  (314,1675)  (268,1698)  (359,1721)  (360,1654)  (222,1712)  (176,1742)  (130,1763)  (311,1725)  (314,1632)  (74,1787)  (182,1692)
Barad Dur  (1896,1460)  (1937,1427)  (1853,1435)  (1920,1385)  (1874,1385)  (1898,1423)
Minas Morgul  (1658,1621)  (1702,1640)  (1747,1626)  (1775,1582)  (1640,1573)  (1661,1527)  (1767,1537)  (1719,1511)  (1726,1552)  (1722,1594)  (1683,1572)
Moria  (837,701)  (887,726)  (938,699)  (938,646)  (816,647)  (852,595)  (906,595)  (860,639)  (891,679)
Tharbad  (475,656)  (529,656)  (484,709)  (538,707)
W. Sea Zone 4  (78,2192)  (32,2237)  (32,2191)  (123,2238)  (78,2146)  (124,2146)  (124,2192)  (30,2145)  (77,2283)  (31,2283)  (164,2284)  (76,2100)  (122,2100)
Nenuial  (79,167)
Harad Coast  (702,2656)  (656,2676)  (748,2639)  (610,2676)  (794,2638)  (564,2676)  (840,2667)  (518,2676)
W. Sea Zone 3  (42,1951)  (87,1997)  (41,1997)  (0,1905)  (46,1905)  (88,1951)  (92,1901)  (95,2043)  (49,2043)  (3,2043)
Harad Sea Coast  (388,2599)  (342,2644)  (342,2598)  (417,2645)  (434,2557)  (463,2603)  (480,2557)
Debatable Land  (1380,2055)  (1334,2100)  (1334,2054)  (1425,2101)  (1380,2009)  (1426,2009)  (1426,2055)  (1379,2146)  (1333,2146)  (1288,2100)  (1288,2054)  (1471,2101)  (1471,2147)  (1425,2147)  (1287,2147)  (1364,1963)  (1410,1963)  (1456,1963)  (1472,2009)  (1472,2055)  (1242,2101)  (1517,2101)  (1517,2147)  (1241,2155)  (1399,1917)  (1445,1917)  (1196,2109)  (1150,2119)
White Downs  (0,375)
S. E. Rhovanion  (1966,925)  (1920,970)  (1920,898)  (2011,971)  (1966,879)  (2012,879)  (2012,925)  (1916,852)  (1965,1016)  (1919,1016)  (2014,1017)  (1962,833)
N. Misty Mtns.  (930,53)  (946,7)  (992,146)  (1017,371)  (971,391)
Rhudaur  (772,325)  (813,371)  (767,371)  (750,279)  (796,279)  (818,325)  (775,417)  (729,417)  (778,233)  (824,233)  (834,187)  (880,173)  (926,167)
Shire  (156,458)  (110,503)  (110,457)  (201,504)  (161,412)  (202,458)  (161,308)  (4,308)  (146,262)  (163,216)
Iron Hills  (2002,80)  (1956,91)  (2048,68)  (2094,63)
E. Muil  (1378,1156)
S. Mordor Mtns.  (1974,1940)  (1928,1957)  (2020,1921)  (2020,1967)  (1882,1945)  (2066,1919)  (2066,1965)  (1836,1943)  (2112,1918)  (2112,1964)  (1790,1943)  (1744,1955)  (1703,1760)  (1698,1969)  (1698,1923)  (1657,1784)  (1657,1683)  (1656,1738)  (1652,1959)  (1652,1913)  (1645,1867)  (1606,1944)
W. Sea Zone 5  (50,2417)  (4,2462)  (4,2416)  (95,2463)  (50,2371)  (2,2370)  (49,2508)  (3,2508)  (95,2509)
Hobbiton  (64,330)  (115,335)  (62,385)  (115,389)
S. Rhun  (1986,1153)  (1940,1198)  (1940,1152)  (2031,1199)  (1986,1107)  (2032,1107)  (2032,1153)  (1985,1244)  (1894,1239)  (1894,1193)  (2077,1199)  (2065,1061)  (2078,1107)  (2078,1153)  (1848,1253)  (1848,1207)
W. Sea Zone 2  (10,1473)  (33,1519)  (0,1427)  (33,1565)  (0,1381)  (33,1611)  (0,1335)
S. Gondor Coast  (1001,2075)  (955,2120)  (955,2074)  (1046,2121)  (1047,2050)  (909,2141)  (909,2095)  (909,2049)  (1092,2127)  (1093,2038)
Carnen River  (2022,415)  (2028,370)  (2023,323)  (1995,285)  (1999,238)  (1996,189)  (1942,181)
E. Rhovanion  (2019,678)  (1973,723)  (1973,677)  (2064,724)  (2019,632)  (2065,640)  (1971,631)  (2018,769)  (2110,686)  (2065,770)
Lond Daer  (252,992)
Anduin East Bank  (1184,764)  (1229,810)  (1170,718)  (1275,832)  (1193,672)  (1274,878)
Sea of Nurn  (2080,1759)  (2034,1787)
Lower Anduin  (1426,1412)  (1378,1383)  (1479,1443)  (1342,1334)
S. Mirkwood  (1461,667)  (1415,712)  (1415,666)  (1506,713)  (1507,643)  (1413,620)  (1460,758)  (1414,758)  (1369,712)  (1369,666)  (1552,689)  (1368,759)  (1367,620)  (1323,713)  (1323,667)  (1322,785)  (1277,739)  (1277,693)
S. Arthedain  (29,540)  (40,586)  (0,494)  (25,632)  (0,448)
Lamedon  (906,1519)  (928,1469)  (954,1519)  (984,1556)  (1028,1531)  (1075,1535)  (1123,1506)
Breelands  (296,253)  (250,298)  (250,252)  (342,236)  (374,190)  (256,344)  (388,236)
Angren Bank  (453,1326)  (407,1362)  (407,1316)  (499,1308)  (361,1375)
N. Dunland  (664,793)  (670,839)  (658,747)  (704,747)  (710,793)  (624,854)
S. Caves  (770,892)  (823,901)  (779,837)  (832,846)
W. Nimrais  (709,1362)  (755,1332)  (755,1378)  (674,1408)  (940,1408)
Druwaith Coast  (121,1512)  (166,1558)  (120,1558)  (80,1466)  (126,1466)  (160,1604)  (114,1604)  (80,1420)  (126,1420)  (144,1650)  (98,1650)
Ernil Mtns.  (1000,1708)
Ettenmoors  (703,65)  (657,110)  (657,64)  (748,111)  (703,19)  (749,19)  (749,65)  (655,18)  (794,111)  (780,157)  (734,157)  (873,0)
Forest River  (1585,245)  (1539,190)  (1494,131)  (1409,116)  (1342,92)  (1283,56)  (1583,200)  (1454,122)
Eregion  (659,613)  (613,658)  (613,612)  (704,659)  (671,567)  (705,613)  (717,555)  (761,509)  (763,555)  (807,475)  (809,521)
Gladden  (1264,528)  (1300,574)  (1254,574)  (1243,482)  (1289,482)  (1310,528)  (1248,436)  (1238,390)
Celebran  (1156,913)  (1108,860)  (1055,895)  (1053,845)  (1004,849)  (942,832)  (957,779)  (971,727)  (1101,904)  (896,843)
Dagorlad  (1624,1147)  (1578,1192)  (1578,1146)  (1670,1114)  (1670,1160)  (1716,1132)  (1716,1178)  (1762,1200)
W. Muil  (1223,1230)
Udun  (1593,1293)  (1634,1267)  (1597,1336)  (1638,1315)  (1677,1301)  (1656,1347)
Pinnath Mtns.  (626,1562)  (672,1552)
Far Harad  (1129,2633)  (1083,2676)  (1083,2630)  (1129,2587)  (1175,2600)  (1175,2646)  (1079,2584)  (1037,2676)  (1037,2630)  (1221,2616)  (1221,2662)  (1033,2584)  (1058,2538)  (1104,2538)  (991,2676)  (1267,2616)  (1267,2662)  (1313,2628)  (1313,2674)  (1359,2639)  (1405,2663)
N. Dale  (1753,192)  (1707,237)  (1707,191)  (1770,238)  (1760,146)  (1799,192)  (1806,141)  (1699,283)  (1661,237)  (1845,187)  (1852,123)
Upper Anduin  (1113,737)  (1126,685)  (1152,632)  (1178,579)  (1184,528)  (1192,477)  (1200,425)  (1191,370)  (1174,314)  (1152,261)  (1141,206)  (1128,151)
S. W. Misty Mtns.  (618,1087)
S. E. Misty Mtns.  (831,1107)
Weather Hills  (496,265)
Gwathlo  (296,844)  (247,886)  (210,933)  (350,811)  (372,755)  (426,725)
City of Corsairs  (872,2617)  (914,2635)  (961,2607)  (980,2561)  (861,2537)  (960,2520)  (910,2508)  (899,2550)  (947,2562)  (914,2589)
Dead Marshes  (1422,1245)  (1431,1291)  (1435,1199)  (1468,1245)  (1385,1296)  (1481,1195)
Bight  (1547,562)  (1501,574)  (1593,547)  (1593,593)
W. Haradwaith  (1349,2490)  (1303,2535)  (1303,2489)  (1394,2536)  (1349,2444)  (1395,2444)  (1395,2490)  (1301,2443)  (1257,2568)  (1257,2522)  (1440,2536)  (1440,2582)  (1394,2582)  (1441,2434)  (1441,2480)  (1255,2476)  (1255,2430)  (1211,2547)  (1486,2526)  (1486,2572)  (1487,2438)  (1209,2501)  (1209,2455)
Umbar Coast  (937,2251)  (891,2296)  (891,2250)  (982,2297)  (937,2205)  (983,2205)  (983,2251)  (889,2204)
Dol Goldur  (1297,691)  (1347,685)  (1295,744)  (1348,738)
S. Dale  (1850,312)  (1804,357)  (1804,311)  (1895,358)  (1896,267)  (1758,357)  (1941,313)  (1941,359)  (1942,246)
Paths of the Dead  (995,1417)  (1043,1451)
Misty Mtns.  (961,570)
Celduin River  (1887,419)  (1696,366)  (1747,403)  (1812,417)  (1636,320)  (1971,440)  (1925,431)  (1847,418)
E. Emnet  (1162,1116)  (1116,1138)  (1116,1092)  (1183,1162)  (1208,1076)  (1229,1122)  (1137,1184)  (1181,1230)  (1135,1230)  (1183,1276)
Mtns. of Mirkwood  (1414,234)
N. Enedwaith  (460,800)  (414,845)  (414,799)  (492,846)  (506,765)  (538,811)  (416,891)  (370,891)  (552,761)  (324,928)  (389,937)  (598,736)  (353,983)
Isengard  (708,1131)  (759,1131)  (676,1079)  (692,1027)  (744,1009)  (796,1035)  (796,1086)  (721,1085)  (754,1053)
Minhiriath  (172,761)  (126,806)  (126,760)  (217,807)  (172,715)  (218,715)  (218,761)  (124,714)  (171,852)  (125,852)  (80,806)  (80,760)  (263,807)  (170,669)  (216,669)  (262,669)  (264,715)  (264,761)  (121,668)  (170,898)  (124,898)  (186,623)  (310,723)  (310,769)  (141,944)
Cardolan  (527,509)  (481,554)  (481,508)  (556,555)  (531,463)  (573,509)  (577,459)  (457,600)  (435,554)  (619,505)  (623,426)  (411,624)  (665,472)  (421,670)  (375,670)
Pinnath Gelin  (517,1412)  (471,1434)  (562,1458)  (563,1407)  (425,1453)  (607,1504)  (561,1504)  (428,1549)  (362,1473)  (474,1576)  (348,1519)
Anfalas  (771,1564)  (725,1609)  (752,1518)  (798,1518)  (817,1564)  (833,1610)  (704,1493)  (750,1472)  (796,1472)  (842,1463)  (879,1607)  (606,1630)  (560,1639)  (514,1661)  (492,1707)  (468,1661)
S. Sea Zone  (287,2410)  (241,2455)  (241,2409)  (332,2456)  (287,2364)  (333,2364)  (333,2410)  (239,2363)  (286,2501)  (240,2501)  (195,2455)  (195,2409)  (378,2456)  (378,2502)  (332,2502)  (194,2502)  (379,2338)  (379,2384)  (193,2363)  (149,2456)  (149,2410)  (424,2430)  (424,2476)  (148,2510)  (425,2338)  (425,2384)  (147,2364)
Hills of Evendil  (43,93)  (21,139)  (0,47)  (6,185)  (0,1)  (16,231)
E. Mordor Mtns.  (2100,1547)
N. Ithilien  (1488,1363)  (1533,1409)  (1494,1317)  (1579,1436)
Bree  (308,342)  (360,341)  (314,392)  (366,392)
Rhun Hills  (2091,853)  (2116,807)  (2117,899)  (2117,945)  (2117,991)
Harnen  (1135,2201)  (1089,2223)  (1181,2201)  (1402,2216)
N. Caves  (917,506)  (971,512)  (918,452)  (970,458)
Belfalas  (938,1792)  (906,1746)  (984,1796)  (1030,1777)  (964,1845)  (942,1693)
Westfold  (925,1162)  (879,1198)  (970,1208)  (892,1116)  (938,1116)  (971,1162)  (1016,1208)  (768,1187)
N. Brown Lands  (1439,895)  (1393,940)  (1393,894)  (1484,941)  (1439,849)  (1485,849)  (1485,895)  (1391,848)  (1408,986)  (1347,979)  (1347,933)  (1530,941)  (1531,823)  (1531,869)  (1345,887)  (1576,915)  (1577,859)  (1622,905)
Gilrain  (924,1919)  (878,1964)  (878,1918)  (969,1965)  (970,1916)  (878,1872)  (1016,1884)  (1062,1846)  (1081,1792)  (1131,1745)  (1155,1693)
Lonely Mtn.  (1687,115)  (1713,70)  (1661,70)  (1610,56)  (1631,17)
N. Rhun  (2069,209)  (2114,255)  (2068,255)  (2041,163)  (2087,163)  (2115,209)  (1995,151)  (2083,301)  (1949,146)
Tolfolas  (1015,1996)  (1062,1980)  (1019,1950)  (1063,1933)
Lake Town  (1542,106)  (1598,97)  (1547,160)  (1599,148)
E. Arnor  (541,163)  (495,198)  (495,152)  (586,209)  (541,117)  (587,117)  (587,163)  (483,106)  (449,188)  (632,209)  (632,255)  (586,255)  (529,71)  (678,214)  (678,260)  (632,301)  (586,301)  (503,25)  (549,25)  (682,306)  (636,347)  (590,347)
Morthond  (859,1668)  (830,1714)  (827,1760)  (854,1806)  (908,1654)  (943,1607)  (902,1560)  (862,1528)  (995,1596)  (1048,1586)
Rivendell  (925,336)  (977,330)  (1001,278)  (979,226)  (924,215)  (872,246)  (871,299)  (960,269)  (917,284)
Anduin Mouth  (1277,1807)  (1231,1832)  (1323,1785)  (1185,1862)  (1149,1908)  (1139,1862)  (1371,1759)  (1419,1728)  (1467,1698)  (1352,1842)  (1402,1858)
N. Mordor Mtns.  (1880,1306)  (1834,1316)  (1926,1297)  (1943,1343)  (1788,1308)  (1981,1407)  (1989,1303)  (1742,1310)  (2035,1294)  (2081,1284)
Enedwaith  (441,1028)  (470,1074)  (424,1074)  (437,982)  (483,982)  (487,1028)  (529,940)  (468,1120)  (422,1120)  (464,936)  (535,894)  (466,1166)  (420,1166)
Umbar Peninsula Coast  (549,2376)  (503,2421)  (503,2375)  (594,2422)  (595,2338)  (548,2467)  (502,2467)  (641,2338)  (687,2338)  (722,2384)  (733,2338)  (779,2338)  (825,2338)
Fornost  (288,118)  (255,168)  (306,177)
Drimrill Dale  (1074,560)  (1114,606)  (1068,606)  (1045,514)  (1091,514)  (1120,560)  (1137,505)  (1079,655)  (1024,647)  (1028,593)
S. E. Central Sea Zone  (676,2181)  (630,2226)  (630,2180)  (721,2227)  (676,2135)  (722,2135)  (722,2181)  (628,2134)  (675,2272)  (629,2272)  (584,2226)  (584,2180)  (767,2227)  (767,2273)  (721,2273)  (583,2273)  (768,2100)  (768,2146)  (582,2134)  (538,2227)  (538,2181)  (813,2192)  (813,2238)  (813,2284)  (814,2100)  (814,2146)
W. Mirkwood  (1373,388)  (1327,370)  (1418,434)  (1372,434)  (1373,342)  (1324,324)  (1449,480)  (1403,480)  (1310,278)  (1436,526)  (1390,526)
Andrast Mtns.  (275,1565)
E. Mirkwood  (1497,348)  (1451,320)  (1535,394)  (1489,394)  (1497,302)  (1543,302)  (1543,348)  (1535,440)
Celduin  (1770,500)  (1724,545)  (1724,499)  (1815,546)  (1816,468)  (1722,453)  (1678,534)  (1861,514)  (1861,560)  (1862,468)  (1676,488)  (1676,442)  (1646,396)  (1907,514)  (1907,560)  (1630,495)  (1630,449)  (1953,490)  (1953,536)
S. Brown Lands  (1451,1050)  (1405,1088)  (1405,1042)  (1496,1096)  (1497,1020)  (1359,1090)  (1359,1044)  (1542,1066)  (1543,1011)  (1588,1057)  (1589,1005)
Khand  (1918,2133)  (1872,2178)  (1872,2132)  (1963,2179)  (1918,2087)  (1964,2087)  (1964,2133)  (1870,2086)  (1917,2224)  (1871,2224)  (1826,2178)  (1826,2132)  (2009,2179)  (2009,2225)  (1963,2225)  (1825,2225)  (1916,2041)  (1962,2041)  (2008,2041)  (2010,2087)  (2010,2133)  (1824,2086)  (1824,2040)  (1870,2040)  (2054,2031)  (1917,2270)  (1871,2270)  (1780,2179)  (1780,2133)  (2055,2179)  (1972,2271)  (1825,2271)  (1779,2237)  (2056,2077)  (2056,2123)  (2100,2027)  (1926,2316)  (1880,2316)  (2101,2169)  (1834,2317)  (2102,2073)  (2102,2119)  (1942,2362)  (1896,2362)  (1910,2408)
S. Ithilien  (1532,1739)  (1486,1784)  (1545,1693)  (1578,1739)  (1440,1802)
S. Downs  (372,450)  (326,495)  (326,449)  (418,416)  (453,370)  (343,541)  (297,541)  (464,416)  (319,587)  (510,398)
Anduin West Bank  (1102,363)  (1147,409)  (1101,409)  (1085,317)  (1086,271)  (1083,225)  (1079,179)  (1060,133)  (1035,87)  (1024,41)  (1070,41)
S. W. Central Sea Zone  (357,2171)  (311,2216)  (311,2170)  (402,2217)  (357,2125)  (403,2125)  (403,2171)  (309,2124)  (356,2262)  (310,2262)  (265,2216)  (265,2170)  (448,2217)  (448,2263)  (402,2263)  (264,2263)  (449,2100)  (449,2146)  (263,2124)  (219,2217)  (219,2171)  (218,2291)  (217,2125)
Lower Celduin River  (2031,551)  (2071,585)  (2117,592)  (2023,504)  (2012,463)
Entwash  (1087,1302)  (1057,1248)  (1072,1192)  (1061,1134)  (1008,1094)  (1139,1324)  (1193,1345)  (1252,1349)
Anfalas Coast  (647,1744)  (601,1789)  (601,1743)  (692,1790)  (647,1698)  (693,1698)  (693,1744)  (599,1697)  (555,1820)  (555,1774)  (738,1790)  (739,1685)  (739,1731)  (553,1728)
Harad Road  (1631,2047)  (1585,2092)  (1585,2046)  (1676,2093)  (1677,2022)  (1572,2000)  (1630,2138)  (1584,2138)  (1693,2139)  (1723,2022)  (1537,1954)  (1647,2184)  (1601,2184)  (1521,1908)  (1522,1862)
N. Mirkwood  (1358,161)  (1312,206)  (1312,160)  (1404,162)  (1281,114)  (1450,165)  (1235,87)
Umbar Peninsula  (810,2446)  (764,2490)  (764,2444)  (823,2492)  (810,2400)  (856,2400)  (856,2446)  (718,2486)  (902,2413)  (902,2459)  (688,2440)  (672,2486)
Druwaith Laur  (260,1349)  (278,1395)  (232,1395)  (273,1303)  (319,1290)  (255,1441)  (250,1487)  (238,1533)
Gorgoroth  (1900,1548)  (1854,1592)  (1854,1546)  (1945,1594)  (1946,1525)  (1840,1500)  (1991,1571)  (1992,1518)  (1805,1454)  (2023,1470)  (2034,1414)  (1759,1467)  (1759,1421)  (1805,1408)  (2069,1460)  (1726,1375)  (2032,1368)  (2078,1368)  (2080,1414)  (1713,1439)
Isen  (122,1308)  (80,1262)  (168,1318)  (215,1286)  (262,1250)  (311,1224)  (363,1230)  (414,1250)  (466,1245)  (512,1208)  (563,1203)  (525,1261)
Central Mordor  (1883,1699)  (1837,1744)  (1837,1698)  (1928,1745)  (1929,1665)  (1834,1652)  (1791,1699)  (1974,1711)  (1975,1657)  (2020,1703)  (2021,1648)  (2067,1619)  (2067,1665)  (2113,1610)  (2113,1656)
Misty Mtns. Peaks  (822,766)  (868,772)
Lebennin  (1058,1630)  (1012,1649)  (1104,1618)  (1104,1664)  (1189,1761)  (1197,1669)  (1197,1715)  (1243,1672)  (1243,1718)  (1093,1712)  (1235,1760)