red north 2  (301,82)  (255,116)  (255,70)  (301,36)  (347,36)  (347,82)  (209,88)  (393,32)  (393,78)
sea zone 1  (326,183)  (280,206)  (372,154)  (372,200)  (234,206)
red south 1  (122,486)  (76,454)  (151,532)  (122,440)
blue south 1  (734,485)  (688,498)  (715,439)  (761,439)
blue middle 1  (626,338)  (671,384)  (625,384)  (586,292)  (632,292)  (672,338)
sea zone 4  (536,473)  (490,493)  (490,447)  (582,439)  (628,439)
blue capitol  (778,330)  (732,375)  (732,329)  (819,376)  (778,284)  (824,284)  (824,330)  (730,283)
red north 1  (117,174)  (71,219)  (133,128)
red south 2  (300,582)  (254,594)  (254,548)  (346,545)  (346,591)  (208,575)  (392,552)  (392,598)
sea zone 2  (529,183)  (483,206)  (483,160)  (575,167)  (621,174)
blue north 1  (736,176)  (690,158)  (782,193)  (706,112)
sea zone 3  (327,473)  (281,480)  (373,439)  (373,485)  (235,474)
red middle 2  (363,335)  (405,381)  (359,381)  (320,289)  (366,289)
blue north 2  (545,77)  (499,100)  (499,54)  (545,31)  (591,48)  (591,94)  (453,93)  (453,47)  (637,68)
red capitol  (69,329)  (23,374)  (23,328)  (114,375)  (69,283)  (115,283)  (115,329)  (21,282)
blue middle 2  (490,338)  (535,384)  (489,384)  (453,292)  (499,292)  (536,338)
neutral territory 1  (13,605)  (2,559)  (48,559)  (59,605)  (2,513)  (105,584)  (105,630)  (2,467)  (151,619)  (197,637)  (2,179)  (2,133)  (48,120)  (2,87)  (48,74)  (94,73)  (2,41)  (140,33)  (48,28)  (94,27)  (186,15)
blue south 2  (546,590)  (500,617)  (500,571)  (546,544)  (592,544)  (592,590)  (454,615)  (454,569)  (638,540)
neutral territory 2  (810,623)  (764,640)  (764,594)  (810,577)  (718,640)  (807,531)  (853,531)  (672,640)  (843,485)  (853,176)  (817,130)  (775,84)  (821,84)  (729,43)  (775,38)  (821,38)  (683,20)  (636,0)
red middle 1  (223,333)  (268,379)  (222,379)  (182,287)  (228,287)  (269,333)