Blankenheim  (80,172)  (130,172)  (80,219)  (130,219)
Prum  (103,407)  (153,407)  (103,454)  (153,454)
Bitburg  (75,637)  (125,637)  (75,684)  (125,684)
Echternach  (108,855)  (158,855)  (108,902)  (158,902)
Losheim Gap  (315,209)  (365,209)  (315,256)  (365,256)
Clervaux  (293,522)  (343,522)  (293,569)  (343,569)
Vianden  (324,815)  (374,815)  (324,862)  (374,862)
St. Vith  (541,125)  (591,125)  (541,172)  (591,172)
Houffalize  (563,349)  (613,349)  (563,396)  (613,396)
Wiltz  (526,581)  (576,581)  (526,628)  (576,628)
Bastogne  (579,783)  (629,783)  (579,830)  (629,830)
Martelange  (533,929)  (583,929)  (533,976)  (583,976)
Vielsalm  (787,85)  (837,85)  (787,132)  (837,132)
Erezee  (767,265)  (817,265)  (767,312)  (817,312)
La Roche  (853,409)  (903,409)  (853,456)  (903,456)
Hotton  (781,533)  (831,533)  (781,580)  (831,580)
Nassogne  (876,665)  (926,665)  (876,712)  (926,712)
Saint-Hubert  (803,789)  (853,789)  (803,836)  (853,836)
Libramont  (859,905)  (909,905)  (859,952)  (909,952)
Marche  (985,475)  (1035,475)  (985,522)  (1035,522)
Neufchateau  (977,849)  (1027,849)  (977,896)  (1027,896)
Durbuy  (1123,149)  (1173,149)  (1123,196)  (1173,196)
Ciney  (1170,349)  (1220,349)  (1170,396)  (1220,396)
Rochefort  (1103,543)  (1153,543)  (1103,590)  (1153,590)
Beauraing  (1183,713)  (1233,713)  (1183,760)  (1233,760)
Bertrix  (1115,885)  (1165,885)  (1115,932)  (1165,932)
Havelange  (1227,235)  (1277,235)  (1227,282)  (1277,282)
Wellin  (1243,609)  (1293,609)  (1243,656)  (1293,656)
Huy  (1427,105)  (1477,105)  (1427,152)  (1477,152)
Andenne  (1463,295)  (1513,295)  (1463,342)  (1513,342)
Namur  (1411,471)  (1461,471)  (1411,518)  (1461,518)
Dinant  (1456,667)  (1506,667)  (1456,714)  (1506,714)
Givet  (1419,869)  (1469,869)  (1419,916)  (1469,916)
