Blankenheim  <  (30,30) (251,30) (208,304) (30,321) >
Prum  <  (183,553) (30,535) (30,321) (208,304) (285,385) >
Bitburg  <  (30,782) (30,535) (183,553) (260,699) (222,753) >
Echternach  <  (262,970) (30,970) (30,782) (222,753) >
Losheim Gap  <  (251,30) (394,30) (482,269) (412,394) (285,385) (208,304) >
Clervaux  <  (407,684) (260,699) (183,553) (285,385) (412,394) (461,471) >
Vianden  <  (413,970) (262,970) (222,753) (260,699) (407,684) (466,734) (480,847) >
St. Vith  <  (394,30) (673,30) (699,187) (658,252) (482,269) >
Houffalize  <  (664,503) (461,471) (412,394) (482,269) (658,252) (729,424) (728,428) >
Wiltz  <  (466,734) (407,684) (461,471) (664,503) (696,674) >
Bastogne  <  (713,921) (480,847) (466,734) (696,674) (719,692) >
Martelange  <  (723,970) (413,970) (480,847) (713,921) (721,935) >
Vielsalm  <  (673,30) (1001,30) (965,216) (699,187) >
Erezee  <  (729,424) (658,252) (699,187) (965,216) (983,271) >
La Roche  <  (910,533) (728,428) (729,424) (983,271) (1019,308) (1020,314) >
Hotton  <  (719,692) (696,674) (664,503) (728,428) (910,533) (921,573) (761,689) >
Nassogne  <  (933,790) (761,689) (921,573) (1014,627) (1056,704) (1053,725) >
Saint-Hubert  <  (721,935) (713,921) (719,692) (761,689) (933,790) (915,841) >
Libramont  <  (976,970) (723,970) (721,935) (915,841) >
Marche  <  (1014,627) (921,573) (910,533) (1020,314) (1115,453) >
Neufchateau  <  (1050,970) (976,970) (915,841) (933,790) (1053,725) (1097,791) >
Durbuy  <  (1001,30) (1283,30) (1293,102) (1148,277) (1019,308) (983,271) (965,216) >
Ciney  <  (1246,498) (1115,453) (1020,314) (1019,308) (1148,277) (1345,376) (1289,486) >
Rochefort  <  (1056,704) (1014,627) (1115,453) (1246,498) (1175,648) >
Beauraing  <  (1290,868) (1097,791) (1053,725) (1056,704) (1175,648) (1351,749) (1354,771) >
Bertrix  <  (1296,970) (1050,970) (1097,791) (1290,868) >
Havelange  <  (1345,376) (1148,277) (1293,102) (1382,240) (1349,372) >
Wellin  <  (1351,749) (1175,648) (1246,498) (1289,486) (1389,608) >
Huy  <  (1283,30) (1570,30) (1570,204) (1382,240) (1293,102) >
Andenne  <  (1570,204) (1570,438) (1349,372) (1382,240) >
Namur  <  (1570,438) (1570,566) (1389,608) (1289,486) (1345,376) (1349,372) >
Dinant  <  (1570,566) (1570,811) (1354,771) (1351,749) (1389,608) >
Givet  <  (1570,811) (1570,970) (1296,970) (1290,868) (1354,771) >
