Caroline Islands  (2748,1277)
54 Sea Zone  (3429,960)  (3383,940)  (3453,1006)  (3407,1006)  (3362,894)  (3453,1052)  (3407,1052)  (3326,848)  (3453,1098)  (3407,1098)  (3453,1144)  (3407,1144)
15 Sea Zone  (1225,936)  (1179,974)
27 Sea Zone  (912,1813)  (866,1858)  (866,1812)  (957,1859)  (912,1767)  (864,1766)  (911,1904)  (865,1904)  (1003,1879)  (957,1905)  (910,1721)  (846,1720)  (1022,1925)  (956,1680)  (911,1950)  (865,1950)  (976,1951)
63 Sea Zone  (3042,403)  (2996,434)  (2974,337)  (2963,291)  (2963,245)  (3009,207)  (3016,161)  (3073,105)  (3119,70)  (3165,70)  (3130,24)  (3176,24)
Afghanistan  (1787,876)
Evenki National Okrug  (2093,206)  (2047,251)  (2047,205)  (2138,252)  (2093,160)  (2139,160)  (2139,206)  (2045,159)  (2001,229)  (2184,275)  (2091,114)  (2137,114)  (1999,183)  (2014,113)  (2060,68)  (2106,68)  (2152,68)  (2014,31)  (2060,22)  (2106,22)  (2152,22)
41 Sea Zone  (2976,1654)  (2976,1700)  (2976,1746)  (2976,1792)  (2976,1931)  (3022,1653)  (3022,1699)  (3022,1917)  (3059,1870)  (3068,1916)  (3073,1824)  (3098,1653)  (3105,1778)  (3105,1870)  (3114,1916)  (3119,1824)  (3138,1699)  (3144,1653)  (3151,1745)  (3151,1870)  (3160,1916)  (3165,1791)
French Indochina  (2178,990)  (2132,1035)  (2132,989)  (2223,1036)  (2224,957)  (2130,943)  (2177,1081)  (2131,1081)  (2086,1008)  (2268,1082)  (2222,1127)
French Equatorial Africa  (971,1346)  (925,1391)  (925,1345)  (971,1300)  (1017,1300)  (1017,1346)  (1017,1392)  (923,1299)  (879,1368)  (969,1254)  (1015,1254)  (877,1322)  (877,1276)  (923,1253)  (854,1230)  (831,1357)  (831,1311)  (900,1207)  (817,1184)
40 Sea Zone  (2921,1823)  (2929,1869)  (2929,1915)  (2666,1952)  (2620,1952)
4 Sea Zone  (1404,17)  (1358,15)  (1450,1)  (1312,26)  (1496,1)  (1542,1)
18 Sea Zone  (389,1075)  (343,1117)  (343,1071)  (434,1121)  (389,1029)  (435,1029)  (435,1075)  (338,1025)  (455,1167)  (455,1285)
46 Sea Zone  (2876,1643)  (2830,1656)  (2830,1610)  (2921,1689)  (2922,1610)  (2875,1702)  (2929,1735)  (2610,1610)  (2564,1623)
55 Sea Zone  (3241,661)  (3201,615)  (3250,707)  (3204,707)  (3195,661)  (3168,569)  (3214,569)  (3279,753)  (3233,753)  (3187,753)  (3168,523)  (3214,523)  (3279,799)  (3233,799)  (3187,799)  (3279,845)  (3233,845)  (3187,845)
61 Sea Zone  (2607,632)  (2561,637)  (2645,678)  (2591,586)  (2643,586)  (2653,632)  (2599,683)  (2689,581)  (2669,535)  (2562,751)  (2529,797)
Panama  (2,859)  (7,910)  (70,1019)
26 Sea Zone  (551,1839)  (505,1884)  (505,1838)  (596,1885)  (597,1808)  (550,1930)  (504,1930)  (459,1884)  (459,1838)  (642,1854)  (642,1900)  (596,1931)  (458,1931)  (643,1808)  (657,1946)  (413,1885)  (413,1839)  (688,1854)  (688,1900)  (412,1952)  (689,1808)  (703,1946)  (367,1906)  (367,1860)  (367,1814)  (734,1854)  (734,1900)  (366,1952)  (735,1808)  (749,1946)  (780,1854)  (780,1900)  (781,1808)  (795,1946)
7 Sea Zone  (692,442)  (646,487)  (646,441)  (738,417)  (738,463)  (784,422)  (631,580)  (641,626)
38 Sea Zone  (2279,1655)  (2233,1700)  (2233,1654)  (2324,1701)  (2325,1610)  (2278,1746)  (2232,1746)  (2187,1700)  (2187,1654)  (2370,1656)  (2370,1702)  (2324,1747)  (2186,1747)  (2371,1610)  (2371,1748)  (2141,1701)  (2141,1655)  (2416,1656)  (2416,1702)  (2140,1761)  (2417,1610)  (2417,1748)  (2095,1715)  (2095,1669)  (2095,1623)  (2462,1656)  (2094,1761)  (2463,1610)
West Indies  (219,940)
Turkey  (1463,887)  (1417,932)  (1414,886)  (1368,923)  (1322,934)
29 Sea Zone  (1531,1857)  (1485,1902)  (1485,1856)  (1576,1903)  (1531,1811)  (1577,1811)  (1577,1857)  (1483,1810)  (1530,1948)  (1484,1948)  (1439,1902)  (1439,1856)  (1622,1903)  (1622,1949)  (1576,1949)  (1438,1949)  (1623,1808)  (1623,1854)  (1437,1810)  (1393,1903)  (1392,1952)
Belgian Congo  (1082,1460)  (1036,1505)  (1036,1459)  (1082,1414)  (1128,1414)  (1048,1551)  (1002,1551)  (990,1505)  (990,1459)  (1047,1597)
Mexico  (3452,793)  (3406,809)  (3406,763)  (3453,839)
French Madagascar  (1348,1754)  (1346,1800)  (1346,1846)
Mozambique  (1196,1751)
28 Sea Zone  (1226,1848)  (1271,1894)  (1225,1894)  (1179,1913)  (1306,1940)  (1260,1940)  (1133,1948)
23 Sea Zone  (839,1472)  (793,1514)  (793,1468)  (884,1518)  (839,1426)  (885,1445)  (791,1422)  (747,1514)  (747,1468)  (924,1564)  (878,1564)  (701,1514)  (701,1468)  (941,1610)  (895,1610)  (849,1610)  (655,1514)  (655,1468)
Wake Island  (2868,1082)
Algeria  (740,986)  (813,975)  (655,981)
30 Sea Zone  (1888,1858)  (1842,1903)  (1842,1857)  (1933,1904)  (1888,1812)  (1934,1812)  (1934,1858)  (1840,1811)  (1887,1949)  (1841,1949)  (1796,1903)  (1796,1857)  (1979,1904)  (1979,1950)  (1933,1950)  (1795,1950)  (1980,1808)  (1980,1854)  (1794,1811)  (1750,1904)  (1750,1858)  (2025,1900)  (2025,1946)  (1749,1952)  (2026,1808)  (2026,1854)  (1748,1812)  (1704,1906)  (1704,1860)  (1703,1952)  (1702,1814)
11 Sea Zone  (371,802)  (325,847)  (325,801)  (416,848)  (371,756)  (417,756)  (417,802)  (323,755)  (370,893)  (324,893)  (429,894)  (383,939)  (337,939)  (429,940)
Karelia S.S.R.  (1330,198)  (1284,235)  (1375,244)  (1376,168)  (1253,189)  (1329,281)  (1421,214)  (1421,260)  (1375,290)  (1223,143)  (1192,62)  (1238,58)  (1467,220)
2 Sea Zone  (429,187)  (467,233)  (475,185)  (508,129)  (513,270)  (516,74)  (552,27)  (562,73)  (591,275)  (598,1)  (608,47)  (633,221)  (679,204)
Switzerland  (898,667)
Trans-Jordan  (1411,991)  (1365,1036)  (1424,1037)  (1457,982)
16 Sea Zone  (1377,813)  (1331,850)  (1331,804)  (1423,809)  (1469,808)
Soviet Far East  (2648,65)  (2602,110)  (2602,64)  (2693,111)  (2648,19)  (2694,19)  (2694,65)  (2600,18)  (2647,156)  (2601,156)  (2556,110)  (2556,64)  (2739,111)  (2739,157)  (2693,157)  (2740,1)  (2740,47)  (2554,18)  (2510,133)  (2510,87)  (2785,93)  (2785,139)  (2785,185)  (2738,203)  (2692,203)  (2786,1)  (2786,47)  (2508,41)  (2831,93)  (2832,1)  (2832,47)  (2877,93)  (2878,1)  (2878,47)
51 Sea Zone  (2805,931)  (2805,977)  (2805,1023)  (2805,1069)  (2805,1115)  (2851,930)  (2851,976)  (2851,1022)  (2851,1121)  (2856,1186)  (2897,930)  (2897,976)  (2897,1022)  (2897,1118)  (2902,1164)  (2902,1210)  (2906,1068)
Western United States  (3321,652)  (3344,698)  (3288,606)  (3334,606)  (3288,560)  (3334,560)  (3311,514)
58 Sea Zone  (2636,931)  (2636,977)  (2636,1023)  (2636,1115)  (2682,930)  (2682,976)  (2682,1022)  (2682,1120)  (2705,1068)  (2728,930)  (2728,976)  (2728,1022)  (2728,1114)  (2751,1068)
43 Sea Zone  (3387,1338)  (3341,1383)  (3341,1337)  (3432,1384)  (3387,1292)  (3433,1292)  (3433,1338)  (3339,1291)  (3386,1429)  (3340,1429)  (3453,1430)  (3395,1246)  (3441,1246)  (3407,1475)  (3361,1475)  (3315,1475)  (3453,1476)  (3407,1521)  (3361,1521)  (3315,1521)  (3453,1522)  (3407,1567)  (3361,1567)  (3315,1567)  (3453,1568)
39 Sea Zone  (2282,1857)  (2236,1902)  (2236,1856)  (2327,1903)  (2282,1811)  (2328,1811)  (2328,1857)  (2234,1810)  (2281,1948)  (2235,1948)  (2190,1902)  (2190,1856)  (2373,1903)  (2373,1949)  (2327,1949)  (2189,1949)  (2374,1808)  (2374,1854)  (2188,1810)  (2144,1903)  (2144,1857)  (2419,1900)  (2419,1946)  (2143,1952)  (2420,1808)  (2420,1854)  (2142,1811)
19 Sea Zone  (64,952)  (110,961)  (156,958)  (202,984)  (224,903)  (248,987)  (257,1033)  (270,903)
Mongolia  (2206,482)  (2160,527)  (2160,481)  (2251,528)  (2291,482)  (2114,544)  (2114,498)
Eire  (580,195)
Central United States  (3430,660)  (3453,706)  (3407,706)  (3390,614)  (3436,614)  (3392,568)  (3438,568)  (3392,522)  (3438,522)
Sinkiang  (2056,653)  (2010,698)  (2010,652)  (2101,699)  (2056,607)  (2102,607)  (2102,653)  (2008,606)  (2055,744)  (2009,744)  (1964,698)  (1964,652)  (1963,745)  (2035,560)  (1918,699)  (1917,780)
Archangel  (1580,201)  (1534,246)  (1534,200)  (1605,247)  (1580,155)  (1626,155)  (1626,201)  (1532,154)  (1578,109)  (1624,109)  (1670,109)  (1486,161)  (1486,115)  (1532,108)  (1655,63)  (1440,136)  (1673,17)
Ukraine S.S.R.  (1405,593)  (1359,638)  (1359,592)  (1449,639)  (1405,547)  (1357,546)  (1403,684)  (1313,601)
20 Sea Zone  (2,971)  (2,1022)  (2,1072)
Argentina  (169,1492)  (159,1538)  (135,1446)  (181,1446)  (227,1434)  (150,1584)  (162,1400)  (208,1388)
Union of South Africa  (1120,1838)  (1074,1883)  (1074,1837)  (1120,1792)  (1135,1746)
Western Canada  (3383,338)  (3337,383)  (3337,337)  (3428,384)  (3383,292)  (3429,292)  (3429,338)  (3335,291)  (3382,429)  (3336,429)  (3291,383)  (3291,337)  (3453,430)  (3290,430)  (3381,246)  (3427,246)  (3289,291)  (3289,245)  (3335,245)  (3381,200)  (3427,200)  (3243,327)  (3243,281)  (3243,235)  (3289,199)  (3335,199)  (3233,189)  (3381,154)  (3427,154)  (3279,153)  (3325,153)  (3215,143)  (3371,108)  (3417,108)  (3261,107)  (3307,107)  (3353,62)  (3399,62)  (3445,62)  (3234,61)  (3280,61)  (3326,16)  (3372,16)  (3418,16)  (3235,15)
Alaska  (3150,213)  (3104,258)  (3104,212)  (3164,259)  (3150,167)  (3102,166)  (3058,282)  (3163,305)
34 Sea Zone  (1500,1266)  (1454,1311)  (1545,1312)  (1531,1220)  (1546,1266)  (1577,1189)  (1499,1357)  (1453,1357)  (1408,1311)  (1591,1312)  (1591,1358)  (1545,1358)  (1592,1235)  (1623,1153)  (1499,1403)  (1453,1403)  (1637,1281)  (1637,1327)  (1592,1404)  (1546,1404)  (1638,1199)  (1407,1405)  (1331,1277)  (1321,1231)  (1500,1449)  (1454,1449)  (1592,1450)  (1546,1450)  (1408,1451)  (1307,1185)  (1362,1460)  (1295,1139)  (1650,1011)
Russia  (1862,252)  (1816,297)  (1816,251)  (1862,206)  (1908,206)  (1908,252)  (1814,205)  (1806,343)  (1770,297)  (1770,251)  (1860,160)  (1906,160)  (1768,205)  (1768,159)  (1814,159)  (1760,353)  (1952,136)  (1724,307)  (1724,261)  (1860,114)  (1906,114)  (1722,215)  (1744,113)  (1790,113)  (1797,399)  (1751,399)  (1952,83)  (1678,317)  (1678,271)  (1836,68)  (1882,68)  (1749,67)  (1799,445)  (1753,445)  (1928,37)  (1707,472)  (1795,22)  (1841,22)  (1747,21)  (1812,491)  (1766,491)  (1720,518)  (1784,537)
Eastern Canada  (206,448)  (160,491)  (160,445)  (206,402)  (252,402)  (127,399)  (114,451)  (182,356)  (228,356)  (274,356)  (92,353)  (320,334)  (320,380)  (81,405)  (206,310)  (252,310)  (46,359)  (298,288)  (215,264)  (10,407)  (9,313)  (0,361)  (217,218)  (0,169)  (0,123)  (46,110)  (92,78)  (0,77)  (46,64)  (138,60)  (0,31)  (46,18)
Germany  (1057,578)  (1011,623)  (1011,577)  (1102,624)  (1057,532)  (1103,532)  (1103,578)  (1009,531)  (1056,669)  (1010,669)  (965,616)  (1055,486)  (1101,486)  (963,570)  (963,524)  (1009,485)  (917,604)  (917,558)  (917,512)
Norway  (1027,118)  (981,162)  (1080,78)  (935,205)  (981,208)  (1126,107)  (1144,185)  (921,251)
New Zealand  (3018,1842)
Japan  (2756,486)  (2706,524)  (2752,575)  (2732,625)  (2724,686)  (2671,724)  (2646,773)  (2620,722)  (2575,771)  (2528,822)
64 Sea Zone  (3158,404)  (3204,419)
Angola  (1019,1751)  (1015,1705)  (1061,1705)
Yakut S.S.R.  (2289,221)  (2243,266)  (2243,220)  (2307,267)  (2289,175)  (2335,175)  (2335,221)  (2241,174)  (2261,312)  (2287,129)  (2333,129)  (2379,129)  (2381,175)  (2224,128)  (2248,358)  (2270,83)  (2316,83)  (2362,83)  (2408,83)  (2427,147)  (2285,404)  (2239,404)  (2229,37)  (2275,37)  (2321,37)  (2367,37)  (2413,37)
56 Sea Zone  (3011,482)  (3011,528)  (3011,574)  (3011,620)  (3011,666)  (3011,712)  (3011,758)  (3011,804)  (3011,850)  (3057,481)  (3057,527)  (3057,632)  (3057,678)  (3057,724)  (3057,770)  (3057,816)  (3057,862)  (3103,481)  (3103,527)  (3103,624)  (3103,670)  (3103,716)  (3103,762)  (3103,808)  (3103,854)  (3120,573)
37 Sea Zone  (2117,1513)  (2071,1558)  (2071,1512)  (2162,1559)  (2117,1467)  (2163,1467)  (2163,1513)  (2069,1466)  (2208,1559)  (2115,1421)  (2161,1421)  (2207,1421)  (2209,1467)  (2209,1513)  (2058,1420)  (2254,1559)  (2104,1375)  (2150,1375)  (2255,1440)  (2255,1486)  (2058,1374)  (2300,1532)  (2104,1329)  (2301,1480)  (2058,1328)  (2346,1526)  (2392,1522)
24 Sea Zone  (589,1685)  (543,1730)  (543,1684)  (634,1731)  (589,1639)  (635,1639)  (635,1685)  (541,1638)  (497,1761)  (497,1715)  (680,1731)  (632,1593)  (678,1593)  (681,1639)  (681,1685)  (495,1669)  (495,1623)  (724,1561)  (451,1761)  (451,1715)  (726,1731)  (727,1607)  (727,1653)  (449,1669)  (449,1623)  (770,1561)  (405,1761)  (405,1715)  (772,1699)  (772,1745)  (773,1607)  (773,1653)  (403,1669)  (403,1623)  (359,1761)  (359,1715)  (357,1669)  (357,1623)
Eastern Europe  (1252,438)  (1206,483)  (1206,437)  (1263,484)  (1252,392)  (1204,391)  (1217,529)  (1272,530)  (1250,346)  (1158,420)  (1192,345)  (1226,575)  (1180,575)
Novosibirsk  (1959,469)  (1913,514)  (1913,468)  (1986,515)  (1959,423)  (2005,423)  (2005,469)  (1911,422)  (1935,560)  (1889,560)  (1867,502)  (1957,377)  (2003,377)  (2049,377)  (2051,423)  (1865,456)  (1865,410)  (1911,376)  (1843,584)  (2095,340)  (1904,606)  (2097,386)  (2143,344)  (2143,390)
India  (1848,946)  (1802,991)  (1893,992)  (1767,945)  (1847,1037)  (1801,1037)  (1939,974)  (1910,1038)  (1864,1083)  (1818,1083)  (1866,1129)  (1820,1129)  (1854,1175)
Southern Europe  (948,754)  (970,800)  (1016,768)  (1062,756)  (1099,802)  (1108,736)  (1132,848)
9 Sea Zone  (402,562)  (356,607)  (447,608)  (402,516)  (448,516)  (448,562)  (401,653)  (355,653)  (455,654)  (416,470)
Greenland  (442,74)  (408,28)  (454,28)
45 Sea Zone  (2856,1366)  (2856,1469)  (2856,1515)  (2856,1561)  (2902,1273)  (2902,1319)  (2902,1365)  (2902,1501)  (2902,1547)  (2906,1411)  (2948,1273)  (2948,1319)  (2948,1365)  (2948,1509)  (2948,1555)  (2952,1411)  (2977,1601)  (2994,1273)  (2994,1319)  (2994,1365)  (2998,1411)  (2999,1457)  (3023,1574)  (3026,1503)  (3040,1273)  (3040,1319)  (3040,1365)  (3044,1411)  (3045,1457)  (3069,1549)  (3069,1595)
52 Sea Zone  (2976,1023)  (2976,1069)  (2976,1115)  (2976,1161)  (2976,1207)  (3022,930)  (3022,1000)  (3022,1046)  (3022,1092)  (3022,1138)  (3022,1184)  (3068,930)  (3068,1015)  (3068,1061)  (3068,1107)  (3068,1153)  (3068,1199)  (3114,930)  (3114,1061)  (3114,1107)  (3114,1153)  (3114,1199)  (3160,930)  (3160,1074)  (3160,1120)  (3160,1166)  (3160,1212)  (3166,976)
Italian East Africa  (1323,1389)  (1277,1434)  (1277,1388)  (1281,1342)  (1231,1427)
48 Sea Zone  (2258,1355)  (2304,1313)  (2313,1403)  (2384,1465)  (2430,1475)  (2473,1313)  (2476,1474)
Buryatia S.S.R.  (2523,343)  (2477,323)  (2568,389)  (2523,297)  (2569,284)  (2456,277)  (2431,324)  (2614,366)  (2614,412)  (2502,251)  (2548,238)  (2411,376)  (2423,231)  (2637,458)  (2385,330)  (2469,205)  (2383,428)  (2515,192)  (2365,382)
62 Sea Zone  (2880,375)  (2916,421)  (2870,421)  (2885,329)  (2815,360)  (2797,314)  (2883,283)  (2769,360)  (2751,314)  (2889,237)  (2723,360)  (2705,314)  (2846,191)  (2892,191)  (2659,305)  (2926,145)  (2972,111)  (3018,66)  (3064,21)  (2973,20)
57 Sea Zone  (2906,640)  (2860,685)  (2860,639)  (2951,686)  (2906,594)  (2952,594)  (2952,640)  (2858,593)  (2905,731)  (2859,731)  (2964,732)  (2904,548)  (2950,548)  (2840,547)  (2918,777)  (2872,777)  (2964,778)  (2886,502)  (2932,502)  (2840,501)  (2918,823)  (2872,823)  (2964,824)  (2918,869)  (2872,869)  (2964,870)
33 Sea Zone  (1365,1556)  (1319,1601)  (1319,1555)  (1410,1602)  (1411,1526)  (1364,1647)  (1318,1647)  (1273,1601)  (1273,1555)  (1456,1572)  (1456,1618)  (1410,1648)  (1272,1648)  (1457,1526)  (1316,1694)  (1270,1694)  (1269,1740)
59 Sea Zone  (2477,897)  (2431,942)  (2469,851)  (2377,1005)
49 Sea Zone  (2369,1093)  (2369,1139)  (2369,1185)  (2369,1231)  (2415,1058)  (2415,1104)  (2415,1150)  (2415,1250)  (2461,1025)  (2461,1071)  (2461,1263)  (2507,991)  (2507,1037)  (2507,1083)  (2507,1252)  (2542,1129)  (2548,1175)  (2553,957)  (2553,1003)  (2553,1049)  (2553,1221)  (2588,1095)
Rio De Oro  (573,1256)
6 Sea Zone  (837,240)  (817,194)  (878,316)  (863,155)  (801,148)  (909,132)  (873,362)
Kwantung  (2392,749)  (2376,703)  (2410,795)  (2330,701)  (2364,823)  (2410,841)  (2318,865)  (2364,869)  (2318,911)  (2374,915)
Borneo  (2414,1362)  (2407,1413)  (2368,1367)
French West Africa  (646,1169)  (600,1201)  (600,1155)  (691,1215)  (646,1123)  (692,1153)  (585,1109)  (645,1247)  (737,1199)  (737,1245)  (691,1261)  (767,1291)  (645,1293)  (721,1307)  (675,1339)
Libya  (1028,1038)  (982,1048)  (936,1032)
60 Sea Zone  (2732,768)  (2778,731)  (2778,777)  (2732,814)  (2787,823)  (2686,824)  (2780,685)  (2640,852)  (2741,860)  (2793,869)  (2695,870)  (2780,639)  (2780,593)  (2768,547)  (2751,430)  (2699,413)
Belorussia  (1415,410)  (1369,454)  (1369,408)  (1460,457)  (1415,363)  (1323,455)  (1323,409)
East Indies  (2186,1474)  (2162,1428)  (2151,1382)
10 Sea Zone  (259,640)  (213,682)  (285,683)  (271,591)  (238,728)  (194,728)  (287,731)  (238,774)  (194,774)  (284,775)  (96,799)  (238,820)  (192,820)  (284,821)  (88,845)  (50,809)
Brazil  (233,1193)  (187,1217)  (187,1171)  (278,1239)  (233,1147)  (279,1147)  (279,1193)  (141,1216)  (324,1239)  (324,1285)  (278,1285)  (325,1185)  (370,1231)  (370,1277)  (357,1331)  (311,1331)  (265,1331)
31 Sea Zone  (1867,1529)  (1821,1574)  (1821,1528)  (1912,1575)  (1867,1483)  (1913,1483)  (1913,1529)  (1819,1482)  (1866,1620)  (1820,1620)  (1775,1574)  (1775,1528)  (1958,1575)  (1958,1621)  (1912,1621)  (1774,1621)  (1865,1437)  (1911,1437)  (1957,1437)  (1959,1483)  (1959,1529)  (1773,1482)  (1773,1436)  (1819,1436)  (2003,1408)  (1866,1666)  (1820,1666)  (2004,1575)  (2004,1621)  (2004,1667)  (1958,1667)  (1912,1667)  (1774,1667)  (2005,1454)  (2005,1500)  (1866,1712)  (1820,1712)  (2011,1713)  (1965,1713)  (1919,1713)  (1774,1713)  (1873,1758)  (1827,1758)  (2011,1759)  (1965,1759)  (1919,1759)  (1781,1759)
42 Sea Zone  (3359,1734)  (3313,1779)  (3313,1733)  (3404,1780)  (3359,1688)  (3405,1688)  (3405,1734)  (3311,1687)  (3358,1825)  (3312,1825)  (3267,1779)  (3267,1733)  (3450,1780)  (3450,1826)  (3404,1826)  (3266,1826)  (3451,1653)  (3451,1699)  (3265,1687)  (3358,1871)  (3312,1871)  (3453,1872)  (3407,1872)  (3266,1872)  (3361,1917)  (3315,1917)  (3453,1918)  (3407,1918)  (3269,1918)
Okinawa  (2666,1082)
Venezuela  (82,1113)  (36,1155)  (90,1159)  (51,1067)  (128,1078)  (174,1052)
13 Sea Zone  (757,884)  (711,929)  (711,883)  (761,930)  (757,838)  (803,866)
25 Sea Zone  (163,1770)  (117,1815)  (117,1769)  (208,1816)  (209,1735)  (115,1723)  (215,1689)  (162,1861)  (116,1861)  (71,1815)  (71,1769)  (254,1781)  (254,1827)  (208,1862)  (70,1862)  (255,1735)  (69,1723)  (69,1677)  (261,1672)  (265,1873)  (190,1643)  (162,1907)  (116,1907)  (25,1816)  (25,1770)  (219,1908)  (70,1908)  (24,1908)  (24,1862)  (23,1724)  (23,1678)  (236,1626)  (282,1626)  (298,1919)  (215,1580)  (261,1580)  (262,1534)
Sahara  (978,1133)  (932,1152)  (932,1106)  (1023,1179)  (1024,1122)  (886,1121)  (1069,1168)  (1070,1122)  (854,1075)  (808,1109)  (808,1063)  (762,1114)  (762,1068)  (716,1084)
Persia  (1621,940)  (1575,952)  (1667,900)
Eastern United States  (231,541)  (204,587)  (158,614)  (128,660)  (112,614)  (82,690)  (66,644)  (66,598)  (106,736)  (36,719)  (20,673)  (20,627)  (4,581)
3 Sea Zone  (923,27)  (877,72)  (877,26)  (968,73)  (969,1)  (831,73)  (831,27)  (1014,47)  (1015,1)  (1061,1)
Sweden  (1016,275)  (1013,321)
Himalaya  (1998,887)  (1952,919)  (1952,873)  (2034,933)  (1998,841)  (2044,841)  (2044,887)
53 Sea Zone  (3279,1046)  (3233,1091)  (3233,1045)  (3324,1092)  (3279,1000)  (3325,1000)  (3325,1046)  (3231,999)  (3278,1137)  (3232,1137)  (3347,1138)  (3277,954)  (3225,953)  (3301,1183)  (3255,1183)  (3347,1184)
Spain  (583,841)  (537,843)  (549,795)  (595,795)  (641,783)  (588,749)  (687,776)
Kazakh S.S.R.  (1756,642)  (1710,687)  (1710,641)  (1801,688)  (1802,642)  (1708,595)  (1755,733)  (1709,733)  (1664,648)  (1847,688)  (1830,734)  (1784,779)  (1738,779)  (1830,780)
47 Sea Zone  (2468,1523)  (2514,1522)  (2554,1404)  (2560,1522)  (2600,1403)  (2634,1563)  (2646,1403)  (2652,1449)  (2692,1403)  (2698,1449)  (2738,1403)  (2744,1449)  (2784,1403)  (2786,1495)  (2790,1449)
Hawaiian Islands  (3053,993)  (3104,1006)  (3154,1007)  (3162,1057)
Philipine Islands  (2497,1150)
17 Sea Zone  (509,1183)  (512,1229)  (502,1097)  (521,1275)  (502,1051)  (535,1321)  (567,1367)  (521,1367)
Solomon Islands  (2942,1472)
12 Sea Zone  (519,934)  (476,888)  (565,924)  (565,970)  (476,809)  (476,763)
5 Sea Zone  (1094,331)  (1048,376)  (1091,285)  (1002,400)  (1185,263)  (1068,239)  (955,383)  (1079,193)
New Guinea  (2700,1523)
44 Sea Zone  (3184,1369)  (3138,1414)  (3138,1368)  (3229,1415)  (3184,1323)  (3230,1323)  (3230,1369)  (3136,1322)  (3183,1460)  (3137,1460)  (3250,1461)  (3182,1277)  (3228,1277)  (3116,1276)  (3204,1506)  (3158,1506)  (3250,1507)  (3204,1552)  (3158,1552)  (3250,1553)  (3204,1598)  (3158,1598)  (3250,1599)
Kenya  (1187,1561)  (1141,1606)  (1141,1560)  (1187,1515)  (1186,1652)  (1140,1652)  (1176,1469)
32 Sea Zone  (1624,1578)  (1578,1623)  (1578,1577)  (1669,1624)  (1624,1532)  (1670,1532)  (1670,1578)  (1576,1531)  (1623,1669)  (1577,1669)  (1532,1623)  (1532,1577)  (1705,1670)  (1531,1670)  (1640,1486)  (1686,1486)  (1530,1531)  (1659,1715)  (1613,1715)  (1705,1716)  (1567,1716)  (1521,1716)  (1639,1440)  (1685,1440)  (1475,1726)  (1659,1761)  (1613,1761)  (1429,1761)
8 Sea Zone  (537,443)  (582,489)  (536,489)  (502,397)  (548,397)  (583,443)  (583,535)  (537,535)  (502,351)  (548,351)  (594,347)  (583,581)  (537,581)  (583,627)  (537,627)
Midway  (3074,590)
Australia  (2727,1743)  (2681,1788)  (2681,1742)  (2772,1789)  (2773,1716)  (2678,1696)  (2726,1834)  (2680,1834)  (2635,1788)  (2635,1742)  (2818,1762)  (2818,1808)  (2772,1835)  (2634,1835)  (2632,1696)  (2837,1854)  (2726,1880)  (2680,1880)  (2589,1789)  (2589,1743)  (2791,1881)  (2603,1881)  (2588,1835)  (2586,1697)  (2838,1900)  (2557,1900)  (2745,1926)  (2543,1789)  (2543,1743)  (2792,1927)  (2542,1854)  (2511,1911)  (2496,1830)
Peru  (76,1265)  (122,1272)  (129,1318)  (20,1210)  (175,1288)
1 Sea Zone  (433,312)  (455,358)  (401,266)  (455,404)  (319,188)  (273,152)  (227,132)  (273,106)  (206,86)  (181,141)  (208,40)  (158,266)  (156,220)  (135,174)  (135,128)  (112,281)  (110,235)  (89,189)  (64,265)
Caucasus  (1568,569)  (1522,614)  (1522,568)  (1614,529)  (1614,575)  (1561,660)  (1561,706)  (1515,710)  (1561,752)  (1515,756)  (1575,798)  (1600,844)
Gibraltar  (644,879)
China  (2269,724)  (2224,678)  (2270,678)  (2223,769)  (2289,770)  (2178,723)  (2190,632)  (2236,632)  (2282,632)  (2243,815)  (2197,815)  (2177,769)  (2253,861)  (2207,861)
West Russia  (1610,405)  (1564,450)  (1564,404)  (1648,451)  (1610,359)  (1656,385)  (1562,358)  (1538,496)  (1518,404)  (1516,358)
Western Europe  (786,615)  (740,660)  (740,614)  (821,661)  (786,569)  (832,573)  (738,568)  (775,706)  (729,706)  (784,523)  (821,715)  (830,515)  (775,752)
United Kingdom  (709,124)  (740,169)  (699,77)  (755,215)  (772,262)  (726,277)  (775,308)  (729,323)
14 Sea Zone  (984,923)  (939,877)  (1010,969)  (938,946)  (1082,954)  (904,831)  (893,878)  (858,830)
Manchuria  (2502,529)  (2456,574)  (2456,528)  (2522,575)  (2502,483)  (2548,483)  (2454,482)  (2410,602)  (2410,556)  (2490,621)  (2500,437)  (2594,509)  (2452,436)  (2500,667)  (2508,713)
36 Sea Zone  (2287,1205)  (2241,1250)  (2241,1204)  (2322,1251)  (2295,1159)  (2236,1307)  (2114,1265)  (2078,1135)  (2075,1219)  (2068,1265)  (2059,1089)  (2032,1173)  (2029,1219)
21 Sea Zone  (27,1380)  (72,1426)  (26,1426)  (0,1334)  (46,1334)  (73,1380)  (81,1472)  (35,1472)  (0,1288)  (71,1518)  (25,1518)  (73,1564)  (27,1564)
50 Sea Zone  (2554,1314)  (2600,1313)  (2636,1188)  (2636,1234)  (2646,1280)  (2646,1326)  (2682,1187)  (2692,1324)  (2728,1187)  (2738,1321)  (2774,1187)  (2784,1322)  (2799,1233)
22 Sea Zone  (448,1467)  (402,1512)  (402,1466)  (493,1513)  (448,1421)  (494,1449)  (400,1420)  (447,1558)  (401,1558)  (356,1512)  (356,1466)  (539,1495)  (539,1541)  (493,1559)  (355,1559)  (446,1375)  (540,1449)  (354,1420)
Balkans  (1256,713)  (1210,758)  (1210,712)  (1281,759)  (1256,667)  (1208,666)  (1235,804)  (1164,757)
Saudi Arabia  (1510,1096)  (1464,1141)  (1464,1095)  (1532,1142)  (1510,1050)  (1556,1069)  (1454,1187)  (1418,1141)  (1602,1064)  (1408,1197)  (1372,1151)  (1394,1243)
Anglo Egypt  (1200,1106)  (1154,1084)  (1222,1152)  (1176,1152)  (1108,1068)  (1230,1198)  (1184,1198)  (1138,1200)  (1224,1244)  (1178,1246)  (1132,1246)  (1086,1258)  (1211,1292)  (1165,1292)  (1119,1304)  (1187,1338)
35 Sea Zone  (1852,1299)  (1806,1344)  (1806,1298)  (1897,1345)  (1884,1253)  (1898,1299)  (1804,1252)  (1930,1221)  (1760,1351)  (1760,1305)  (1943,1345)  (1944,1267)  (1758,1259)  (1758,1213)  (1917,1175)  (1963,1175)  (1976,1221)  (1719,1167)  (1765,1167)  (1714,1351)  (1714,1305)  (1989,1313)  (1712,1259)  (1712,1213)  (1919,1129)  (1965,1129)  (1698,1121)  (1744,1121)  (1955,1083)  (1698,1075)  (1972,1037)  (1698,1029)