Eastern Canada  (262,365)  (216,410)  (216,364)  (282,411)  (262,319)  (308,319)  (308,365)  (214,318)  (236,456)  (190,456)  (170,410)  (260,273)  (337,273)  (354,332)  (144,470)  (214,234)  (124,424)  (260,227)  (100,378)  (69,332)  (54,403)  (23,357)  (21,128)  (8,411)  (8,311)  (0,176)  (0,82)  (46,82)  (92,78)  (138,62)  (0,36)  (46,36)
28 Sea Zone  (1209,1917)  (1163,1953)  (1178,1871)  (1224,1871)  (1255,1917)  (1117,1953)
56 Sea Zone  (3073,638)  (3076,591)  (3120,602)  (3121,652)  (3072,687)  (3023,665)  (3026,614)  (3120,547)  (3121,702)  (3072,737)  (3024,717)  (3077,539)  (3125,756)  (3071,790)  (3023,772)  (3021,521)  (3077,481)  (3122,492)  (3125,809)  (3069,844)  (3017,824)  (3025,471)  (3120,863)  (3018,881)
7 Sea Zone  (737,438)  (691,482)  (691,436)  (645,496)  (645,450)  (613,579)  (622,625)  (629,671)
Germany  (1001,555)  (955,600)  (955,554)  (1046,601)  (1001,509)  (1047,509)  (1047,555)  (953,508)  (1000,646)  (909,609)  (909,563)  (1092,601)  (1092,647)  (1046,647)  (1034,463)  (1093,465)  (1093,511)  (907,517)  (951,462)  (1000,692)
31 Sea Zone  (1898,1660)  (1852,1705)  (1852,1659)  (1943,1706)  (1898,1614)  (1944,1614)  (1944,1660)  (1850,1613)  (1897,1751)  (1851,1751)  (1806,1705)  (1806,1659)  (1989,1706)  (1989,1752)  (1943,1752)  (1805,1752)  (1896,1568)  (1942,1568)  (1988,1568)  (1990,1614)  (1990,1660)  (1804,1613)  (1804,1567)  (1850,1567)  (1897,1797)  (1851,1797)  (2028,1798)  (1982,1798)  (1805,1798)  (1896,1522)  (1942,1522)  (1988,1522)  (1795,1521)  (1841,1521)  (1936,1843)  (1890,1843)  (2028,1844)  (1982,1844)  (1844,1844)  (1798,1844)  (1887,1476)  (1933,1476)  (1979,1476)  (2025,1476)  (1795,1475)  (1841,1475)  (1887,1430)  (1933,1430)  (1979,1430)  (2025,1430)  (1795,1429)  (1841,1429)  (1887,1384)  (1933,1384)  (1979,1384)  (2025,1384)  (1795,1383)  (1841,1383)
Midway  (2985,595)
27 Sea Zone  (900,1864)  (854,1909)  (854,1863)  (945,1910)  (900,1818)  (946,1818)  (946,1864)  (852,1817)  (991,1910)  (898,1772)  (825,1771)  (871,1726)  (917,1726)  (825,1725)  (871,1680)  (917,1680)  (825,1679)
Greenland  (437,43)  (391,50)  (391,4)  (441,89)
5 Sea Zone  (1040,380)  (1076,334)  (1075,286)  (1068,236)  (983,390)  (932,378)  (1128,281)
Union of South Africa  (1073,1825)  (1027,1830)  (1107,1871)  (1079,1779)  (1119,1825)  (1061,1876)  (1125,1759)
Australia  (2660,1721)  (2614,1766)  (2614,1720)  (2705,1767)  (2706,1712)  (2623,1674)  (2659,1812)  (2613,1812)  (2568,1766)  (2568,1720)  (2751,1758)  (2751,1804)  (2705,1813)  (2567,1813)  (2767,1712)  (2788,1850)  (2659,1858)  (2613,1858)  (2522,1767)  (2797,1758)  (2797,1804)  (2742,1859)  (2567,1859)  (2521,1859)  (2521,1813)  (2834,1850)  (2821,1896)  (2775,1905)  (2729,1905)  (2505,1905)  (2475,1832)
Kenya  (1155,1549)  (1109,1594)  (1109,1548)  (1180,1595)  (1155,1503)  (1201,1503)  (1201,1549)  (1134,1640)
23 Sea Zone  (626,1476)  (580,1490)  (672,1448)  (718,1448)  (764,1433)  (764,1479)  (810,1420)  (810,1466)  (825,1536)  (825,1582)  (856,1443)  (856,1489)  (871,1535)  (871,1581)  (902,1471)  (917,1599)
Manchuria  (2483,508)  (2437,553)  (2437,507)  (2522,554)  (2483,462)  (2529,462)  (2529,508)  (2435,461)  (2470,599)  (2424,599)  (2391,553)  (2575,510)  (2439,415)  (2378,602)  (2478,664)  (2489,710)
Alaska  (3130,253)  (3084,273)  (3165,299)  (3090,207)  (3136,207)  (3104,161)  (3150,161)
53 Sea Zone  (3294,1100)  (3248,1145)  (3248,1099)  (3339,1146)  (3294,1054)  (3340,1054)  (3340,1100)  (3246,1053)  (3292,1008)  (3338,1008)  (3231,1007)  (3277,962)  (3323,962)  (3231,961)
42 Sea Zone  (3354,1843)  (3308,1888)  (3308,1842)  (3399,1889)  (3354,1797)  (3400,1797)  (3400,1843)  (3306,1796)  (3353,1934)  (3307,1934)  (3262,1888)  (3262,1842)  (3445,1889)  (3445,1935)  (3399,1935)  (3261,1935)  (3352,1751)  (3398,1751)  (3444,1751)  (3446,1797)  (3446,1843)  (3260,1796)  (3260,1750)  (3306,1750)  (3216,1889)  (3216,1843)  (3215,1953)  (3352,1705)  (3398,1705)  (3444,1705)  (3214,1797)  (3214,1751)  (3214,1705)  (3260,1704)  (3306,1704)
59 Sea Zone  (2438,923)  (2446,877)  (2492,890)
Sicily  (955,987)  (919,975)
Persia  (1615,922)  (1569,952)  (1661,900)
French West Africa  (640,1190)  (594,1208)  (594,1162)  (685,1236)  (640,1144)  (686,1157)  (639,1254)  (565,1116)  (548,1171)  (731,1203)  (731,1249)  (685,1282)  (611,1098)  (744,1295)  (639,1300)  (697,1328)  (651,1346)  (697,1374)
Turkey  (1371,918)  (1325,924)  (1417,887)  (1463,888)
30 Sea Zone  (1909,1920)  (1863,1953)  (1863,1907)  (1955,1905)  (1955,1951)  (1817,1953)  (1817,1907)  (2001,1905)  (2001,1951)  (1771,1952)  (1771,1906)  (2047,1905)  (2047,1951)
Belgian Congo  (1013,1481)  (967,1526)  (967,1480)  (1035,1527)  (1049,1435)  (1059,1481)  (1095,1399)  (989,1572)  (1029,1618)
50 Sea Zone  (2533,1333)  (2579,1332)  (2616,1187)  (2616,1233)  (2616,1279)  (2625,1325)  (2662,1186)  (2671,1324)  (2708,1186)  (2717,1321)  (2725,1232)  (2754,1186)  (2763,1322)  (2775,1232)
54 Sea Zone  (3419,1100)  (3453,1146)  (3416,1054)  (3416,1008)  (3416,962)  (3376,916)  (3335,870)
India  (1824,1025)  (1778,1070)  (1778,1024)  (1852,1071)  (1824,979)  (1870,979)  (1870,1025)  (1776,978)  (1806,1116)  (1822,933)  (1916,972)  (1730,957)  (1843,1162)
Soviet Far East  (2652,106)  (2606,151)  (2606,105)  (2697,152)  (2652,60)  (2698,60)  (2698,106)  (2604,59)  (2651,197)  (2560,156)  (2560,110)  (2743,152)  (2718,198)  (2650,14)  (2696,14)  (2742,14)  (2744,60)  (2744,106)  (2558,64)  (2558,18)  (2604,13)  (2788,0)  (2514,134)  (2790,46)  (2790,92)  (2790,138)  (2512,88)  (2512,42)  (2834,0)  (2468,135)  (2836,46)  (2836,92)  (2466,89)  (2466,43)  (2882,34)
Italy  (926,843)  (896,798)  (963,883)  (934,755)  (1000,917)  (999,958)  (886,751)  (841,762)  (980,740)
Mexico  (3366,770)  (3415,771)  (3452,778)  (3386,819)  (3434,828)  (3439,878)  (3452,922)
43 Sea Zone  (3394,1529)  (3348,1574)  (3348,1528)  (3439,1575)  (3394,1483)  (3440,1483)  (3440,1529)  (3346,1482)  (3393,1620)  (3347,1620)  (3453,1621)  (3392,1437)  (3438,1437)  (3341,1436)  (3387,1391)  (3433,1391)  (3341,1390)  (3387,1345)  (3433,1345)  (3341,1344)  (3387,1299)  (3433,1299)  (3341,1298)  (3387,1253)  (3433,1253)  (3341,1252)
41 Sea Zone  (2928,1658)  (2979,1659)  (2930,1714)  (2977,1712)  (3104,1665)  (3153,1664)  (3150,1715)  (3114,1768)  (3113,1824)  (3065,1881)  (3119,1883)  (2963,1940)  (3034,1933)  (3098,1937)  (3155,1936)
Spain  (584,804)  (538,849)  (538,803)  (590,850)  (584,758)  (630,768)  (537,757)  (636,814)  (682,777)
Afghanistan  (1781,855)  (1735,867)
Philipine Islands  (2472,1180)  (2422,1200)  (2412,1249)  (2490,1240)  (2451,1142)
4 Sea Zone  (1313,16)  (1267,8)  (1359,0)  (1379,46)  (1405,0)  (1451,0)  (1497,0)
44 Sea Zone  (3184,1506)  (3138,1551)  (3138,1505)  (3229,1552)  (3184,1460)  (3230,1460)  (3230,1506)  (3136,1459)  (3183,1597)  (3137,1597)  (3275,1552)  (3275,1598)  (3229,1598)  (3182,1414)  (3228,1414)  (3274,1414)  (3276,1460)  (3276,1506)  (3095,1413)  (3295,1644)  (3249,1644)  (3141,1368)  (3187,1368)  (3233,1368)  (3279,1368)  (3095,1367)  (3141,1322)  (3187,1322)  (3233,1322)  (3279,1322)  (3095,1321)  (3141,1276)  (3187,1276)  (3233,1276)  (3279,1276)  (3095,1275)  (3232,1230)  (3278,1230)
Archangel  (1535,143)  (1489,161)  (1489,115)  (1580,189)  (1535,97)  (1581,97)  (1581,143)  (1534,207)  (1443,144)  (1626,189)  (1591,235)  (1627,77)  (1627,123)  (1545,253)  (1652,30)  (1397,121)
Novisibirsk  (1961,405)  (1915,450)  (1915,404)  (2006,451)  (1961,359)  (2007,359)  (2007,405)  (1913,358)  (1960,496)  (1914,496)  (1869,450)  (1869,404)  (1868,497)  (2053,334)  (2053,380)  (2053,426)  (1935,542)  (1889,543)  (2099,344)  (2099,390)  (1843,571)  (1890,589)  (2145,340)  (2145,386)
Eire  (561,194)  (546,237)
11 Sea Zone  (356,826)  (310,871)  (310,825)  (401,872)  (356,780)  (402,780)  (402,826)  (308,779)  (355,917)  (309,917)  (409,918)  (354,734)  (400,734)  (307,733)  (363,963)  (317,963)  (409,964)
Mozambique  (1176,1756)
Italian East Africa  (1260,1387)  (1214,1429)  (1214,1383)  (1278,1433)  (1260,1341)  (1306,1361)
51 Sea Zone  (2780,931)  (2780,977)  (2780,1023)  (2780,1069)  (2780,1115)  (2826,930)  (2826,976)  (2826,1022)  (2826,1121)  (2835,1186)  (2872,930)  (2872,976)  (2872,1022)  (2872,1119)  (2881,1165)  (2881,1211)  (2885,1068)  (2918,930)  (2918,976)  (2918,1022)  (2918,1114)  (2927,1160)  (2927,1206)  (2931,1068)
Eastern Europe  (1207,453)  (1161,450)  (1252,499)  (1206,499)  (1207,407)  (1157,404)  (1246,545)  (1200,545)  (1203,361)  (1249,361)  (1247,315)
Western United States  (3349,598)  (3303,597)  (3367,644)  (3321,644)  (3349,552)  (3367,690)  (3328,506)  (3374,506)
25 Sea Zone  (177,1794)  (131,1839)  (131,1793)  (222,1840)  (177,1748)  (223,1748)  (223,1794)  (129,1747)  (176,1885)  (130,1885)  (85,1839)  (85,1793)  (268,1840)  (268,1886)  (222,1886)  (84,1886)  (185,1702)  (231,1702)  (269,1748)  (269,1794)  (83,1747)  (277,1694)  (67,1701)  (176,1931)  (130,1931)  (39,1840)  (39,1794)  (279,1932)  (233,1932)  (84,1932)  (38,1932)  (38,1886)  (158,1656)  (204,1656)  (37,1748)  (250,1648)  (21,1702)  (175,1610)  (221,1602)  (267,1602)  (204,1556)  (250,1556)  (261,1510)
Karelia S.S.R.  (1312,218)  (1266,258)  (1266,212)  (1357,264)  (1314,172)  (1358,218)  (1360,170)  (1220,205)  (1403,264)  (1404,216)  (1203,144)  (1450,219)  (1165,83)  (1211,58)
Kwangtung  (2364,831)  (2318,876)  (2364,877)  (2360,785)  (2318,922)  (2360,739)  (2308,701)  (2354,693)
Brazil  (315,1252)  (269,1297)  (269,1251)  (356,1298)  (315,1206)  (361,1206)  (361,1252)  (267,1205)  (310,1343)  (264,1343)  (223,1294)  (221,1248)  (221,1202)  (218,1156)  (175,1236)  (172,1190)  (126,1217)  (126,1171)
Borneo  (2379,1375)  (2330,1367)  (2400,1424)  (2457,1398)  (2380,1325)  (2435,1350)
29 Sea Zone  (1543,1931)  (1497,1953)  (1497,1907)  (1589,1905)  (1589,1951)  (1451,1953)  (1451,1907)  (1635,1905)  (1635,1951)  (1405,1953)  (1405,1907)  (1681,1905)  (1681,1951)  (1359,1953)
34 Sea Zone  (1471,1371)  (1425,1416)  (1425,1370)  (1516,1417)  (1471,1325)  (1517,1325)  (1517,1371)  (1423,1324)  (1470,1462)  (1424,1462)  (1379,1416)  (1562,1417)  (1562,1463)  (1516,1463)  (1378,1463)  (1469,1279)  (1515,1279)  (1561,1279)  (1563,1325)  (1563,1371)  (1377,1312)  (1607,1235)  (1332,1480)  (1481,1233)  (1527,1233)  (1609,1281)  (1312,1278)  (1303,1232)  (1573,1189)  (1619,1189)  (1285,1186)  (1618,1143)  (1257,1140)  (1630,1012)
Central China  (2097,690)  (2140,663)  (2139,714)  (2092,737)  (2049,710)  (2048,659)  (2094,638)  (2147,620)  (2103,780)  (2058,774)  (2070,594)  (2181,667)
12 Sea Zone  (508,929)  (462,974)  (462,928)  (545,975)  (554,926)  (460,882)  (455,836)  (455,790)  (455,744)
French Madagascar  (1314,1787)  (1326,1833)  (1342,1741)  (1316,1881)
Yakut S.S.R.  (2296,111)  (2250,156)  (2250,110)  (2341,157)  (2296,65)  (2342,65)  (2342,111)  (2248,64)  (2295,202)  (2249,202)  (2204,156)  (2294,19)  (2340,19)  (2386,19)  (2388,65)  (2388,111)  (2210,18)  (2298,248)  (2252,248)  (2273,294)  (2227,294)  (2229,340)  (2229,386)
Hawaiian Islands  (3133,1026)  (3057,984)  (3120,982)
East Indies  (2161,1462)  (2138,1416)  (2123,1365)  (2214,1491)  (2265,1508)
Saudia Arabia  (1438,1153)  (1392,1198)  (1392,1152)  (1438,1107)  (1484,1107)  (1484,1153)  (1390,1106)  (1373,1244)  (1346,1180)  (1459,1061)  (1505,1061)  (1530,1107)  (1344,1134)  (1576,1064)
Switzerland  (871,670)  (914,672)  (874,708)  (835,683)
32 Sea Zone  (1589,1651)  (1543,1696)  (1543,1650)  (1634,1697)  (1589,1605)  (1635,1605)  (1635,1651)  (1541,1604)  (1588,1742)  (1542,1742)  (1497,1696)  (1680,1697)  (1680,1743)  (1634,1743)  (1496,1743)  (1587,1559)  (1633,1559)  (1679,1559)  (1681,1605)  (1681,1651)  (1503,1558)  (1725,1515)  (1588,1788)  (1542,1788)  (1726,1697)  (1726,1743)  (1726,1789)  (1680,1789)  (1634,1789)  (1496,1789)  (1450,1789)  (1450,1743)  (1619,1513)  (1665,1513)  (1727,1561)  (1727,1607)  (1711,1469)  (1588,1834)  (1542,1834)  (1749,1835)  (1703,1835)  (1657,1835)  (1496,1835)  (1450,1835)  (1404,1835)  (1404,1789)  (1404,1743)  (1618,1467)  (1664,1467)  (1710,1423)  (1618,1421)  (1664,1421)  (1710,1377)  (1618,1375)  (1664,1375)
Norway  (920,202)  (905,248)  (966,156)  (1017,99)  (1063,70)  (1124,185)
French Indochina  (2188,1077)  (2142,1084)  (2142,1038)  (2220,1123)  (2188,1031)  (2234,1062)  (2102,992)  (2096,1068)  (2148,985)  (2194,985)  (2240,970)  (2073,946)  (2119,939)
46 Sea Zone  (2859,1648)  (2813,1663)  (2813,1617)  (2876,1694)  (2876,1740)  (2591,1610)
West Indies  (165,924)  (208,944)  (121,921)  (245,953)
Kazakh S.S.R.  (1716,662)  (1670,662)  (1761,708)  (1715,708)  (1670,616)  (1716,616)  (1762,619)  (1669,728)  (1624,649)  (1807,665)  (1807,711)  (1761,754)  (1715,754)  (1683,570)  (1810,757)
Venezuala  (55,1111)  (9,1156)  (60,1157)  (23,1065)  (101,1078)  (147,1052)
Trans-Jordan  (1369,1018)  (1323,1039)  (1415,983)
63 Sea Zone  (2950,275)  (2993,321)  (2947,321)  (2914,229)  (2960,229)  (3006,210)  (2946,367)  (2946,183)  (3053,379)  (2992,164)  (3038,164)  (3013,118)  (3059,106)  (3105,93)  (3151,71)  (3085,47)  (3131,25)  (3177,25)
8 Sea Zone  (525,500)  (564,546)  (518,546)  (481,454)  (527,454)  (564,592)  (518,592)  (481,408)  (527,408)  (564,638)  (518,638)  (481,362)  (527,362)  (573,349)
United Kingdom  (727,303)  (681,317)  (751,349)  (711,257)  (728,211)  (722,165)  (689,119)  (679,73)  (694,364)  (634,371)  (655,260)  (764,258)
Western Europe  (765,589)  (719,634)  (719,588)  (804,635)  (765,543)  (811,570)  (811,515)  (758,680)  (712,680)  (804,717)  (758,726)  (712,726)
26 Sea Zone  (608,1861)  (562,1906)  (562,1860)  (653,1907)  (608,1815)  (654,1815)  (654,1861)  (560,1814)  (607,1952)  (561,1952)  (516,1906)  (516,1860)  (699,1907)  (699,1953)  (653,1953)  (515,1953)  (700,1810)  (700,1856)  (514,1814)  (470,1907)  (470,1861)  (745,1902)  (745,1948)  (469,1953)  (746,1810)  (746,1856)  (468,1815)  (424,1907)  (424,1861)  (423,1953)  (422,1815)  (378,1907)  (378,1861)  (377,1953)  (376,1815)  (332,1907)  (332,1861)  (331,1953)  (330,1815)
Rio De Oro  (552,1257)  (566,1299)  (539,1217)
Angloa  (1009,1719)  (987,1765)
38 Sea Zone  (2302,1727)  (2256,1772)  (2256,1726)  (2347,1773)  (2302,1681)  (2348,1681)  (2348,1727)  (2254,1680)  (2301,1818)  (2255,1818)  (2210,1772)  (2210,1726)  (2393,1773)  (2393,1819)  (2347,1819)  (2209,1819)  (2300,1635)  (2346,1635)  (2392,1635)  (2394,1681)  (2394,1727)  (2208,1680)  (2208,1634)  (2254,1634)  (2438,1609)  (2164,1773)  (2164,1727)  (2163,1859)  (2440,1655)  (2162,1681)  (2162,1635)  (2484,1609)  (2118,1813)  (2118,1767)  (2117,1859)  (2486,1655)  (2116,1721)  (2116,1675)  (2116,1629)  (2530,1609)
3 Sea Zone  (941,30)  (895,67)  (895,21)  (987,0)  (987,46)  (849,67)  (849,21)  (1033,0)  (803,67)  (803,21)
37 Sea Zone  (2480,1557)  (2429,1557)  (2378,1557)  (2326,1558)  (2272,1559)  (2387,1507)  (2330,1485)  (2274,1460)  (2219,1558)  (2167,1557)  (2115,1558)  (2093,1508)  (2080,1453)  (2076,1295)  (2236,1419)  (2231,1367)  (2174,1335)
6 Sea Zone  (826,178)  (780,161)  (821,224)  (826,132)  (872,132)  (770,115)  (830,270)  (918,113)  (859,316)  (854,362)
9 Sea Zone  (396,607)  (350,652)  (350,606)  (435,653)  (396,561)  (403,515)  (418,469)
New Zealand  (3044,1733)  (3037,1785)  (2986,1824)  (2976,1873)  (3020,1848)  (3083,1730)
Ukraine S.S.R.  (1371,629)  (1325,672)  (1325,626)  (1416,675)  (1371,583)  (1417,616)  (1321,580)  (1367,537)  (1312,534)
61 Sea Zone  (2610,639)  (2564,684)  (2564,638)  (2629,685)  (2610,593)  (2656,593)  (2656,639)  (2562,730)  (2642,547)  (2516,768)
Sahara  (848,1103)  (802,1110)  (886,1141)  (931,1161)  (755,1092)  (708,1104)  (979,1182)  (1026,1161)  (1034,1208)  (663,1069)  (1060,1118)  (1076,1165)  (619,1040)  (575,1025)  (1107,1131)
39 Sea Zone  (2258,1910)  (2212,1953)  (2212,1907)  (2304,1905)  (2304,1951)  (2166,1953)  (2166,1907)  (2350,1905)  (2350,1951)  (2120,1953)  (2120,1907)  (2396,1905)  (2396,1951)  (2584,1953)
36 Sea Zone  (2226,1216)  (2180,1194)  (2271,1262)  (2225,1262)  (2260,1170)  (2272,1216)  (2264,1308)  (2061,1241)  (2059,1135)  (2054,1195)  (2040,1089)  (2015,1241)  (2013,1149)  (2008,1195)
49 Sea Zone  (2333,1072)  (2333,1118)  (2333,1164)  (2333,1210)  (2333,1256)  (2379,1044)  (2379,1090)  (2379,1136)  (2379,1182)  (2379,1283)  (2425,1016)  (2425,1062)  (2425,1108)  (2471,989)  (2471,1035)  (2471,1081)  (2477,1286)  (2484,1127)  (2517,961)  (2517,1007)  (2517,1053)  (2522,1173)  (2523,1276)  (2528,1219)  (2530,1099)  (2563,933)  (2563,979)  (2563,1025)  (2568,1145)  (2569,1265)
West Balkans  (1059,779)  (1103,760)  (1106,802)  (1015,802)  (1037,734)  (1058,821)
64 Sea Zone  (3151,402)  (3197,401)
French Equatorial Africa  (865,1253)  (819,1298)  (819,1252)  (910,1299)  (865,1207)  (911,1217)  (817,1206)  (864,1344)  (818,1344)  (956,1263)  (956,1309)  (910,1345)  (966,1355)  (1002,1251)  (1002,1297)  (920,1391)  (1012,1343)
Gibraltar  (608,909)  (636,889)
45 Sea Zone  (2835,1274)  (2835,1320)  (2835,1366)  (2835,1412)  (2835,1458)  (2835,1504)  (2835,1550)  (2881,1273)  (2881,1319)  (2881,1365)  (2881,1500)  (2881,1546)  (2893,1411)  (2923,1592)  (2927,1273)  (2927,1319)  (2927,1365)  (2927,1507)  (2939,1411)  (2969,1575)  (2973,1273)  (2973,1319)  (2973,1365)  (2985,1411)  (2986,1457)  (3013,1503)  (3015,1569)  (3019,1273)  (3019,1319)  (3019,1365)  (3031,1411)  (3032,1457)
Solomon Islands  (2875,1442)  (2931,1467)  (2981,1501)  (3001,1548)
57 Sea Zone  (2903,625)  (2857,670)  (2857,624)  (2948,671)  (2903,579)  (2901,677)  (2858,721)  (2900,725)  (2950,727)  (2849,567)  (2866,512)  (2917,523)  (2949,473)  (2897,465)  (2871,771)  (2921,776)  (2948,822)  (2892,825)  (2857,872)  (2908,876)
Caucus  (1544,601)  (1498,615)  (1498,569)  (1544,555)  (1590,555)  (1541,661)  (1542,707)  (1496,708)  (1542,753)  (1496,754)  (1558,799)  (1581,845)
52 Sea Zone  (2986,1217)  (3037,1215)  (3085,1215)  (3135,1217)  (3179,1215)  (2983,1166)  (3038,1164)  (3088,1162)  (3138,1164)  (3183,1162)  (2990,1110)  (3047,1111)  (3100,1110)  (3157,1113)  (2989,1057)  (3041,1056)
1 Sea Zone  (432,407)  (431,359)  (429,309)  (398,268)  (396,410)  (334,199)  (297,155)  (241,133)  (186,131)  (201,80)  (247,80)  (208,31)  (242,23)  (131,190)  (79,183)  (70,228)  (142,247)  (96,283)
48 Sea Zone  (2484,1489)  (2435,1469)  (2484,1439)  (2481,1339)  (2295,1406)
Sinkiang  (1958,704)  (1961,657)  (2002,689)  (2002,737)  (1954,752)  (1909,733)  (1910,686)  (1951,610)  (1997,607)  (2012,560)  (1899,784)  (1948,800)  (1996,792)
17 Sea Zone  (503,1333)  (489,1287)  (549,1369)  (489,1241)  (489,1195)  (489,1089)  (489,1043)
East Balkans  (1207,731)  (1166,686)  (1216,687)  (1252,732)  (1233,777)  (1183,776)  (1151,728)  (1186,819)  (1261,669)  (1212,640)  (1104,707)  (1150,639)  (1243,823)  (1296,732)
10 Sea Zone  (200,750)  (154,795)  (154,749)  (245,796)  (200,704)  (246,704)  (246,750)  (199,841)  (153,841)  (261,842)  (231,658)  (81,856)  (62,810)  (35,856)  (23,904)  (16,810)
Algeria  (731,1007)  (778,1002)  (685,999)  (779,1045)  (824,991)  (823,1034)  (638,986)  (595,981)
15 Sea Zone  (1185,976)  (1228,965)  (1149,997)  (1269,993)
Wake Island  (2848,1084)
2 Sea Zone  (480,273)  (528,272)  (576,272)  (435,221)  (483,222)  (611,228)  (659,208)  (395,172)  (447,172)  (496,144)  (602,82)  (548,89)  (498,91)  (543,36)  (596,31)
33 Sea Zone  (1320,1636)  (1274,1681)  (1274,1635)  (1327,1682)  (1320,1590)  (1366,1590)  (1366,1636)  (1272,1589)  (1250,1727)  (1318,1544)  (1364,1544)  (1410,1544)  (1412,1590)  (1412,1636)  (1257,1543)  (1456,1526)  (1250,1773)
Himilaya  (2000,863)  (1954,908)  (1954,862)  (2022,909)  (2052,864)  (1907,905)  (1895,851)  (2094,835)  (2012,950)
Evanki National Okrug  (2084,132)  (2038,177)  (2038,131)  (2129,178)  (2084,86)  (2130,86)  (2130,132)  (2036,85)  (2083,223)  (2037,223)  (1992,177)  (1992,131)  (2156,224)  (1991,224)  (2082,40)  (2128,40)  (1999,39)  (2110,269)  (2064,269)  (2163,270)  (2018,270)
Sweden  (998,313)
Libya  (948,1065)  (996,1065)  (903,1054)  (915,1103)  (964,1107)  (1005,1110)
15B Sea Zone  (1209,897)  (1168,914)  (1252,893)  (1290,874)
Mongolia  (2172,522)  (2126,549)  (2126,503)  (2172,476)  (2218,488)  (2218,534)  (2080,545)  (2080,499)  (2264,487)  (2310,504)
West Russia  (1571,410)  (1525,455)  (1525,409)  (1616,456)  (1571,364)  (1617,366)  (1523,363)  (1477,353)
Peru  (109,1298)  (63,1285)  (113,1344)  (155,1297)  (29,1239)
Eastern United States  (76,656)  (30,701)  (30,655)  (88,702)  (76,610)  (122,610)  (122,656)  (28,609)  (168,574)  (0,563)  (214,548)  (0,500)
Belorussia  (1387,407)  (1341,452)  (1341,406)  (1432,453)  (1387,361)  (1433,401)  (1295,439)
Burytia S.S.R.  (2479,303)  (2433,324)  (2433,278)  (2524,349)  (2479,257)  (2525,257)  (2525,303)  (2407,232)  (2392,376)  (2387,330)  (2387,284)  (2570,351)  (2453,211)  (2499,211)  (2571,246)  (2572,397)  (2364,422)  (2346,376)  (2618,372)  (2618,418)
Russia  (1767,246)  (1721,291)  (1721,245)  (1812,292)  (1767,200)  (1813,200)  (1813,246)  (1719,199)  (1766,337)  (1720,337)  (1675,291)  (1675,245)  (1765,154)  (1811,154)  (1857,154)  (1859,200)  (1859,246)  (1715,153)  (1903,110)  (1778,383)  (1732,383)  (1761,108)  (1807,108)  (1853,108)  (1905,156)  (1905,202)  (1905,248)  (1899,64)  (1945,64)  (1780,429)  (1734,429)  (1729,62)  (1775,62)  (1821,62)  (1688,466)  (1867,18)  (1913,18)  (1785,475)  (1739,475)  (1727,16)  (1773,16)  (1819,16)  (1693,512)  (1796,521)  (1750,521)
14 Sea Zone  (1039,970)  (995,1007)  (1084,973)  (1081,923)  (1059,876)  (1007,854)  (949,936)  (881,878)  (814,820)  (965,827)  (1124,965)
Greece  (1137,896)  (1168,862)  (1102,860)  (1137,929)
55 Sea Zone  (3228,772)  (3273,818)  (3227,818)  (3196,726)  (3242,726)  (3274,772)  (3289,864)  (3243,864)  (3197,864)  (3196,680)  (3242,680)  (3196,634)  (3242,634)  (3196,588)  (3242,588)  (3196,542)  (3242,542)  (3196,496)  (3242,496)
35 Sea Zone  (1739,1284)  (1693,1315)  (1693,1269)  (1739,1238)  (1785,1246)  (1785,1292)  (1677,1223)  (1723,1192)  (1831,1274)  (1677,1177)  (1875,1228)  (1723,1146)  (1877,1274)  (1677,1131)  (1896,1166)  (1898,1120)  (1921,1212)  (1923,1258)  (1923,1304)  (1677,1085)  (1942,1166)  (1944,1079)  (1969,1287)  (1677,1039)  (2015,1287)
16 Sea Zone  (1350,820)  (1393,817)  (1436,832)  (1435,787)  (1323,770)  (1303,814)  (1327,853)  (1438,734)  (1475,819)
19 Sea Zone  (33,951)  (69,903)  (79,955)  (125,955)  (171,975)  (202,902)  (214,1021)  (248,902)  (260,980)  (260,1026)
Anglo Egypt  (1138,1075)  (1092,1068)  (1183,1121)  (1137,1166)  (1207,1167)  (1161,1212)  (1115,1212)  (1210,1213)  (1069,1256)  (1164,1258)  (1118,1258)  (1191,1304)  (1145,1304)  (1099,1304)
60 Sea Zone  (2734,834)  (2688,879)  (2688,833)  (2779,880)  (2734,788)  (2780,788)  (2780,834)  (2688,787)  (2642,884)  (2642,838)  (2756,742)  (2802,742)  (2596,883)  (2762,696)  (2758,650)  (2762,604)  (2759,558)  (2772,512)  (2791,466)  (2737,431)  (2793,420)  (2678,414)
New Guinea  (2672,1518)  (2618,1507)  (2580,1463)  (2731,1527)
Okinawa  (2652,1092)  (2657,1062)
62 Sea Zone  (2730,331)  (2684,361)  (2684,315)  (2730,285)  (2776,298)  (2776,344)  (2638,306)  (2849,366)  (2859,201)  (2939,99)  (2985,54)  (2935,14)  (3031,9)  (2981,8)
21 Sea Zone  (25,1395)  (49,1441)  (3,1441)  (0,1349)  (54,1487)  (8,1487)  (42,1533)  (44,1579)  (52,1625)  (6,1625)
22 Sea Zone  (441,1457)  (395,1490)  (395,1444)  (441,1411)  (487,1411)  (487,1457)  (381,1398)  (349,1490)  (349,1444)
18 Sea Zone  (380,1093)  (334,1126)  (334,1080)  (425,1139)  (380,1047)  (426,1047)  (426,1093)  (320,1034)  (443,1185)  (443,1282)
Panama  (3,860)  (31,999)  (3,946)
47 Sea Zone  (2533,1403)  (2533,1522)  (2579,1402)  (2614,1563)  (2625,1402)  (2632,1448)  (2671,1402)  (2678,1448)  (2717,1402)  (2724,1448)  (2763,1402)  (2765,1494)  (2770,1448)
Western Canada  (3365,341)  (3319,386)  (3319,340)  (3410,387)  (3365,295)  (3411,295)  (3411,341)  (3317,294)  (3364,432)  (3318,432)  (3273,371)  (3453,433)  (3363,249)  (3409,249)  (3271,325)  (3271,279)  (3317,248)  (3256,233)  (3363,203)  (3409,203)  (3225,321)  (3302,202)  (3215,187)  (3348,157)  (3394,157)  (3440,157)  (3261,156)  (3307,111)  (3353,111)  (3399,111)  (3445,111)  (3224,110)  (3270,65)  (3316,65)  (3362,65)  (3408,65)  (3237,19)  (3283,19)  (3329,19)  (3375,19)  (3421,19)
20 Sea Zone  (16,1018)
Sardinia  (840,881)  (836,911)  (846,842)
Central United States  (3436,640)  (3453,686)  (3425,594)  (3453,732)  (3428,548)
58 Sea Zone  (2616,931)  (2616,977)  (2616,1023)  (2616,1116)  (2662,930)  (2662,976)  (2662,1022)  (2662,1120)  (2685,1068)  (2708,930)  (2708,976)  (2708,1022)  (2708,1114)  (2731,1068)
Argentina  (115,1515)  (122,1561)  (105,1469)  (151,1469)  (197,1433)  (111,1607)  (106,1423)  (162,1387)
China  (2213,771)  (2167,816)  (2167,770)  (2253,817)  (2213,725)  (2259,765)  (2210,820)  (2255,714)  (2222,668)  (2266,661)  (2301,786)  (2166,860)  (2211,862)  (2203,905)  (2237,618)  (2283,605)
Japan  (2695,698)  (2642,712)  (2651,763)  (2596,765)  (2710,647)  (2719,595)  (2702,544)  (2697,486)  (2561,819)  (2620,817)  (2750,482)
40 Sea Zone  (2869,1948)  (2647,1953)
Caroline Islands  (2671,1293)  (2695,1250)  (2722,1295)  (2755,1258)
24 Sea Zone  (409,1691)  (363,1736)  (363,1690)  (454,1737)  (409,1645)  (455,1645)  (455,1691)  (361,1644)  (500,1737)  (407,1599)  (453,1599)  (499,1599)  (501,1645)  (501,1691)  (325,1598)  (545,1555)  (546,1737)  (371,1553)  (417,1553)  (463,1553)  (547,1601)  (547,1647)  (325,1552)  (591,1536)  (592,1693)  (592,1739)  (593,1582)  (593,1628)  (637,1536)  (638,1674)  (638,1720)  (639,1582)  (639,1628)  (683,1536)  (684,1674)  (684,1720)  (685,1582)  (685,1628)  (729,1536)  (730,1674)  (730,1720)  (731,1582)  (731,1628)  (775,1536)  (776,1674)  (776,1720)  (777,1582)  (777,1628)
13 Sea Zone  (723,903)  (677,933)  (677,887)  (723,857)  (764,945)  (766,896)  (766,845)  (719,946)  (809,945)  (873,939)