RussianStepTwo  <  (229,209) (264,209) (265,210) (266,210) (267,211) (268,211) (272,215) (272,216) (273,217) (273,218) (274,219) (274,262) (273,263) (273,264) (272,265) (272,266) (268,270) (267,270) (266,271) (265,271) (264,272) (221,272) (220,271) (219,271) (218,270) (217,270) (213,266) (213,265) (212,264) (212,263) (211,262) (211,219) (212,218) (212,217) (213,216) (213,215) (217,211) (218,211) (219,210) (220,210) (221,209) > 
RightBar  <  (516,219) (549,219) (550,220) (551,220) (552,221) (553,221) (557,225) (557,226) (558,227) (558,228) (559,229) (559,368) (558,369) (558,370) (557,371) (557,372) (553,376) (552,376) (551,377) (550,377) (549,378) (506,378) (505,377) (504,377) (503,376) (502,376) (498,372) (498,371) (497,370) (497,369) (496,368) (496,229) (497,228) (497,227) (498,226) (498,225) (502,221) (503,221) (504,220) (505,220) (506,219) > 
LeftBar  <  (84,219) (93,219) (94,220) (95,220) (96,221) (97,221) (101,225) (101,226) (102,227) (102,228) (103,229) (103,368) (102,369) (102,370) (101,371) (101,372) (97,376) (96,376) (95,377) (94,377) (93,378) (50,378) (49,377) (48,377) (47,376) (46,376) (42,372) (42,371) (41,370) (41,369) (40,368) (40,229) (41,228) (41,227) (42,226) (42,225) (46,221) (47,221) (48,220) (49,220) (50,219) > 
GermanBase  <  (531,487) (538,487) (539,488) (543,488) (544,489) (547,489) (548,490) (549,490) (550,491) (552,491) (553,492) (554,492) (556,494) (557,494) (558,495) (559,495) (563,499) (564,499) (567,502) (567,503) (571,507) (571,508) (572,509) (572,510) (574,512) (574,513) (575,514) (575,516) (576,517) (576,518) (577,519) (577,522) (578,523) (578,527) (579,528) (579,538) (578,539) (578,543) (577,544) (577,547) (576,548) (576,549) (575,550) (575,552) (574,553) (574,554) (572,556) (572,557) (571,558) (571,559) (567,563) (567,564) (564,567) (563,567) (559,571) (558,571) (557,572) (556,572) (554,574) (553,574) (552,575) (550,575) (549,576) (548,576) (547,577) (544,577) (543,578) (539,578) (538,579) (528,579) (527,578) (523,578) (522,577) (519,577) (518,576) (517,576) (516,575) (514,575) (513,574) (512,574) (510,572) (509,572) (508,571) (507,571) (503,567) (502,567) (499,564) (499,563) (495,559) (495,558) (494,557) (494,556) (492,554) (492,553) (491,552) (491,550) (490,549) (490,548) (489,547) (489,544) (488,543) (488,539) (487,538) (487,528) (488,527) (488,523) (489,522) (489,519) (490,518) (490,517) (491,516) (491,514) (492,513) (492,512) (494,510) (494,509) (495,508) (495,507) (499,503) (499,502) (502,499) (503,499) (507,495) (508,495) (509,494) (510,494) (512,492) (513,492) (514,491) (516,491) (517,490) (518,490) (519,489) (522,489) (523,488) (527,488) (528,487) > 
BottomBar  <  (347,496) (368,496) (369,497) (370,497) (371,498) (372,498) (376,502) (376,503) (377,504) (377,505) (378,506) (378,549) (377,550) (377,551) (376,552) (376,553) (372,557) (371,557) (370,558) (369,558) (368,559) (231,559) (230,558) (229,558) (228,557) (227,557) (223,553) (223,552) (222,551) (222,550) (221,549) (221,506) (222,505) (222,504) (223,503) (223,502) (227,498) (228,498) (229,497) (230,497) (231,496) > 
ItalianStepOne  <  (420,152) (435,152) (436,153) (437,153) (438,154) (439,154) (443,158) (443,159) (444,160) (444,161) (445,162) (445,205) (444,206) (444,207) (443,208) (443,209) (439,213) (438,213) (437,214) (436,214) (435,215) (392,215) (391,214) (390,214) (389,213) (388,213) (384,209) (384,208) (383,207) (383,206) (382,205) (382,162) (383,161) (383,160) (384,159) (384,158) (388,154) (389,154) (390,153) (391,153) (392,152) > 
RussianStepOne  <  (198,152) (207,152) (208,153) (209,153) (210,154) (211,154) (215,158) (215,159) (216,160) (216,161) (217,162) (217,205) (216,206) (216,207) (215,208) (215,209) (211,213) (210,213) (209,214) (208,214) (207,215) (164,215) (163,214) (162,214) (161,213) (160,213) (156,209) (156,208) (155,207) (155,206) (154,205) (154,162) (155,161) (155,160) (156,159) (156,158) (160,154) (161,154) (162,153) (163,153) (164,152) > 
ItalianStartRight  <  (422,38) (434,38) (435,39) (436,39) (437,40) (438,40) (442,44) (442,45) (443,46) (443,47) (444,48) (444,91) (443,92) (443,93) (442,94) (442,95) (438,99) (437,99) (436,100) (435,100) (434,101) (391,101) (390,100) (389,100) (388,99) (387,99) (383,95) (383,94) (382,93) (382,92) (381,91) (381,48) (382,47) (382,46) (383,45) (383,44) (387,40) (388,40) (389,39) (390,39) (391,38) > 
ChineseStart  <  (129,439) (150,439) (151,440) (152,440) (153,441) (154,441) (158,445) (158,446) (159,447) (159,448) (160,449) (160,492) (159,493) (159,494) (158,495) (158,496) (154,500) (153,500) (152,501) (151,501) (150,502) (107,502) (106,501) (105,501) (104,500) (103,500) (99,496) (99,495) (98,494) (98,493) (97,492) (97,449) (98,448) (98,447) (99,446) (99,445) (103,441) (104,441) (105,440) (106,440) (107,439) > 
ChineseStartRight  <  (205,496) (208,496) (209,497) (210,497) (211,498) (212,498) (216,502) (216,503) (217,504) (217,505) (218,506) (218,549) (217,550) (217,551) (216,552) (216,553) (212,557) (211,557) (210,558) (209,558) (208,559) (165,559) (164,558) (163,558) (162,557) (161,557) (157,553) (157,552) (156,551) (156,550) (155,549) (155,506) (156,505) (156,504) (157,503) (157,502) (161,498) (162,498) (163,497) (164,497) (165,496) > 
Flag  <  (283,263) (283,263) (284,262) (286,262) (287,261) (289,261) (290,260) (294,260) (295,259) (304,259) (305,260) (309,260) (310,261) (312,261) (313,262) (315,262) (316,263) (317,263) (318,264) (319,264) (321,266) (322,266) (332,276) (332,277) (334,279) (334,280) (335,281) (335,282) (336,283) (336,285) (337,286) (337,288) (338,289) (338,293) (339,294) (339,303) (338,304) (338,308) (337,309) (337,311) (336,312) (336,314) (335,315) (335,316) (334,317) (334,318) (332,320) (332,321) (322,331) (321,331) (319,333) (318,333) (317,334) (316,334) (315,335) (313,335) (312,336) (310,336) (309,337) (305,337) (304,338) (295,338) (294,337) (290,337) (289,336) (287,336) (286,335) (284,335) (283,334) (282,334) (281,333) (280,333) (278,331) (277,331) (267,321) (267,320) (265,318) (265,317) (264,316) (264,315) (263,314) (263,312) (262,311) (262,309) (261,308) (261,304) (260,303) (260,294) (261,293) (261,289) (262,288) (262,286) (263,285) (263,283) (264,282) (264,281) (265,280) (265,279) (267,277) (267,276) (277,266) (278,266) (280,264) (281,264) (282,263) > 
GermanStepTwo  <  (348,325) (378,325) (379,326) (380,326) (381,327) (382,327) (386,331) (386,332) (387,333) (387,334) (388,335) (388,378) (387,379) (387,380) (386,381) (386,382) (382,386) (381,386) (380,387) (379,387) (378,388) (335,388) (334,387) (333,387) (332,386) (331,386) (327,382) (327,381) (326,380) (326,379) (325,378) (325,335) (326,334) (326,333) (327,332) (327,331) (331,327) (332,327) (333,326) (334,326) (335,325) > 
ItalianStartLeft  <  (519,153) (549,153) (550,154) (551,154) (552,155) (553,155) (557,159) (557,160) (558,161) (558,162) (559,163) (559,206) (558,207) (558,208) (557,209) (557,210) (553,214) (552,214) (551,215) (550,215) (549,216) (506,216) (505,215) (504,215) (503,214) (502,214) (498,210) (498,209) (497,208) (497,207) (496,206) (496,163) (497,162) (497,161) (498,160) (498,159) (502,155) (503,155) (504,154) (505,154) (506,153) > 
RussianStartLeft  <  (209,39) (210,39) (211,40) (212,40) (216,44) (216,45) (217,46) (217,47) (218,48) (218,91) (217,92) (217,93) (216,94) (216,95) (212,99) (211,99) (210,100) (209,100) (208,101) (165,101) (164,100) (163,100) (162,99) (161,99) (157,95) (157,94) (156,93) (156,92) (155,91) (155,48) (156,47) (156,46) (157,45) (157,44) (161,40) (162,40) (163,39) (164,39) (165,38) (208,38) > 
ItalianStepTwo  <  (366,209) (378,209) (379,210) (380,210) (381,211) (382,211) (386,215) (386,216) (387,217) (387,218) (388,219) (388,262) (387,263) (387,264) (386,265) (386,266) (382,270) (381,270) (380,271) (379,271) (378,272) (335,272) (334,271) (333,271) (332,270) (331,270) (327,266) (327,265) (326,264) (326,263) (325,262) (325,219) (326,218) (326,217) (327,216) (327,215) (331,211) (332,211) (333,210) (334,210) (335,209) > 
RussianStartRight  <  (75,153) (93,153) (94,154) (95,154) (96,155) (97,155) (101,159) (101,160) (102,161) (102,162) (103,163) (103,206) (102,207) (102,208) (101,209) (101,210) (97,214) (96,214) (95,215) (94,215) (93,216) (50,216) (49,215) (48,215) (47,214) (46,214) (42,210) (42,209) (41,208) (41,207) (40,206) (40,163) (41,162) (41,161) (42,160) (42,159) (46,155) (47,155) (48,154) (49,154) (50,153) > 
GermanStart  <  (481,439) (492,439) (493,440) (494,440) (495,441) (496,441) (500,445) (500,446) (501,447) (501,448) (502,449) (502,492) (501,493) (501,494) (500,495) (500,496) (496,500) (495,500) (494,501) (493,501) (492,502) (449,502) (448,501) (447,501) (446,500) (445,500) (441,496) (441,495) (440,494) (440,493) (439,492) (439,449) (440,448) (440,447) (441,446) (441,445) (445,441) (446,441) (447,440) (448,440) (449,439) > 
TopBar  <  (330,38) (368,38) (369,39) (370,39) (371,40) (372,40) (376,44) (376,45) (377,46) (377,47) (378,48) (378,91) (377,92) (377,93) (376,94) (376,95) (372,99) (371,99) (370,100) (369,100) (368,101) (231,101) (230,100) (229,100) (228,99) (227,99) (223,95) (223,94) (222,93) (222,92) (221,91) (221,48) (222,47) (222,46) (223,45) (223,44) (227,40) (228,40) (229,39) (230,39) (231,38) > 
ChineseBase  <  (75,488) (76,488) (77,489) (80,489) (81,490) (82,490) (83,491) (85,491) (86,492) (87,492) (89,494) (90,494) (91,495) (92,495) (96,499) (97,499) (100,502) (100,503) (104,507) (104,508) (105,509) (105,510) (107,512) (107,513) (108,514) (108,516) (109,517) (109,518) (110,519) (110,522) (111,523) (111,527) (112,528) (112,538) (111,539) (111,543) (110,544) (110,547) (109,548) (109,549) (108,550) (108,552) (107,553) (107,554) (105,556) (105,557) (104,558) (104,559) (100,563) (100,564) (97,567) (96,567) (92,571) (91,571) (90,572) (89,572) (87,574) (86,574) (85,575) (83,575) (82,576) (81,576) (80,577) (77,577) (76,578) (72,578) (71,579) (61,579) (60,578) (56,578) (55,577) (52,577) (51,576) (50,576) (49,575) (47,575) (46,574) (45,574) (43,572) (42,572) (41,571) (40,571) (36,567) (35,567) (32,564) (32,563) (28,559) (28,558) (27,557) (27,556) (25,554) (25,553) (24,552) (24,550) (23,549) (23,548) (22,547) (22,544) (21,543) (21,539) (20,538) (20,528) (21,527) (21,523) (22,522) (22,519) (23,518) (23,517) (24,516) (24,514) (25,513) (25,512) (27,510) (27,509) (28,508) (28,507) (32,503) (32,502) (35,499) (36,499) (40,495) (41,495) (42,494) (43,494) (45,492) (46,492) (47,491) (49,491) (50,490) (51,490) (52,489) (55,489) (56,488) (60,488) (61,487) (71,487) (72,488) > 
ChineseStepOne  <  (191,382) (207,382) (208,383) (209,383) (210,384) (211,384) (215,388) (215,389) (216,390) (216,391) (217,392) (217,435) (216,436) (216,437) (215,438) (215,439) (211,443) (210,443) (209,444) (208,444) (207,445) (164,445) (163,444) (162,444) (161,443) (160,443) (156,439) (156,438) (155,437) (155,436) (154,435) (154,392) (155,391) (155,390) (156,389) (156,388) (160,384) (161,384) (162,383) (163,383) (164,382) > 
ChineseStepTwo  <  (248,325) (264,325) (265,326) (266,326) (267,327) (268,327) (272,331) (272,332) (273,333) (273,334) (274,335) (274,378) (273,379) (273,380) (272,381) (272,382) (268,386) (267,386) (266,387) (265,387) (264,388) (221,388) (220,387) (219,387) (218,386) (217,386) (213,382) (213,381) (212,380) (212,379) (211,378) (211,335) (212,334) (212,333) (213,332) (213,331) (217,327) (218,327) (219,326) (220,326) (221,325) > 
GermanStartRight  <  (529,381) (549,381) (550,382) (551,382) (552,383) (553,383) (557,387) (557,388) (558,389) (558,390) (559,391) (559,434) (558,435) (558,436) (557,437) (557,438) (553,442) (552,442) (551,443) (550,443) (549,444) (506,444) (505,443) (504,443) (503,442) (502,442) (498,438) (498,437) (497,436) (497,435) (496,434) (496,391) (497,390) (497,389) (498,388) (498,387) (502,383) (503,383) (504,382) (505,382) (506,381) > 
ChineseStartLeft  <  (85,381) (93,381) (94,382) (95,382) (96,383) (97,383) (101,387) (101,388) (102,389) (102,390) (103,391) (103,434) (102,435) (102,436) (101,437) (101,438) (97,442) (96,442) (95,443) (94,443) (93,444) (50,444) (49,443) (48,443) (47,442) (46,442) (42,438) (42,437) (41,436) (41,435) (40,434) (40,391) (41,390) (41,389) (42,388) (42,387) (46,383) (47,383) (48,382) (49,382) (50,381) > 
ItalianBase  <  (500,32) (500,32) (502,30) (503,30) (507,26) (508,26) (509,25) (510,25) (512,23) (513,23) (514,22) (516,22) (517,21) (518,21) (519,20) (522,20) (523,19) (527,19) (528,18) (538,18) (539,19) (543,19) (544,20) (547,20) (548,21) (549,21) (550,22) (552,22) (553,23) (554,23) (556,25) (557,25) (558,26) (559,26) (563,30) (564,30) (567,33) (567,34) (571,38) (571,39) (572,40) (572,41) (574,43) (574,44) (575,45) (575,47) (576,48) (576,49) (577,50) (577,53) (578,54) (578,58) (579,59) (579,69) (578,70) (578,74) (577,75) (577,78) (576,79) (576,80) (575,81) (575,83) (574,84) (574,85) (572,87) (572,88) (571,89) (571,90) (567,94) (567,95) (564,98) (563,98) (559,102) (558,102) (557,103) (556,103) (554,105) (553,105) (552,106) (550,106) (549,107) (548,107) (547,108) (544,108) (543,109) (539,109) (538,110) (528,110) (527,109) (523,109) (522,108) (519,108) (518,107) (517,107) (516,106) (514,106) (513,105) (512,105) (510,103) (509,103) (508,102) (507,102) (503,98) (502,98) (499,95) (499,94) (495,90) (495,89) (494,88) (494,87) (492,85) (492,84) (491,83) (491,81) (490,80) (490,79) (489,78) (489,75) (488,74) (488,70) (487,69) (487,59) (488,58) (488,54) (489,53) (489,50) (490,49) (490,48) (491,47) (491,45) (492,44) (492,43) (494,41) (494,40) (495,39) (495,38) (499,34) (499,33) > 
RussianBase  <  (80,20) (80,20) (81,21) (82,21) (83,22) (85,22) (86,23) (87,23) (89,25) (90,25) (91,26) (92,26) (96,30) (97,30) (100,33) (100,34) (104,38) (104,39) (105,40) (105,41) (107,43) (107,44) (108,45) (108,47) (109,48) (109,49) (110,50) (110,53) (111,54) (111,58) (112,59) (112,69) (111,70) (111,74) (110,75) (110,78) (109,79) (109,80) (108,81) (108,83) (107,84) (107,85) (105,87) (105,88) (104,89) (104,90) (100,94) (100,95) (97,98) (96,98) (92,102) (91,102) (90,103) (89,103) (87,105) (86,105) (85,106) (83,106) (82,107) (81,107) (80,108) (77,108) (76,109) (72,109) (71,110) (61,110) (60,109) (56,109) (55,108) (52,108) (51,107) (50,107) (49,106) (47,106) (46,105) (45,105) (43,103) (42,103) (41,102) (40,102) (36,98) (35,98) (32,95) (32,94) (28,90) (28,89) (27,88) (27,87) (25,85) (25,84) (24,83) (24,81) (23,80) (23,79) (22,78) (22,75) (21,74) (21,70) (20,69) (20,59) (21,58) (21,54) (22,53) (22,50) (23,49) (23,48) (24,47) (24,45) (25,44) (25,43) (27,41) (27,40) (28,39) (28,38) (32,34) (32,33) (35,30) (36,30) (40,26) (41,26) (42,25) (43,25) (45,23) (46,23) (47,22) (49,22) (50,21) (51,21) (52,20) (55,20) (56,19) (60,19) (61,18) (71,18) (72,19) (76,19) (77,20) > 
ItalianStart  <  (476,95) (492,95) (493,96) (494,96) (495,97) (496,97) (500,101) (500,102) (501,103) (501,104) (502,105) (502,148) (501,149) (501,150) (500,151) (500,152) (496,156) (495,156) (494,157) (493,157) (492,158) (449,158) (448,157) (447,157) (446,156) (445,156) (441,152) (441,151) (440,150) (440,149) (439,148) (439,105) (440,104) (440,103) (441,102) (441,101) (445,97) (446,97) (447,96) (448,96) (449,95) > 
RussianStart  <  (157,100) (157,100) (158,101) (158,102) (159,103) (159,104) (160,105) (160,148) (159,149) (159,150) (158,151) (158,152) (154,156) (153,156) (152,157) (151,157) (150,158) (107,158) (106,157) (105,157) (104,156) (103,156) (99,152) (99,151) (98,150) (98,149) (97,148) (97,105) (98,104) (98,103) (99,102) (99,101) (103,97) (104,97) (105,96) (106,96) (107,95) (150,95) (151,96) (152,96) (153,97) (154,97) > 
GermanStepOne  <  (424,382) (435,382) (436,383) (437,383) (438,384) (439,384) (443,388) (443,389) (444,390) (444,391) (445,392) (445,435) (444,436) (444,437) (443,438) (443,439) (439,443) (438,443) (437,444) (436,444) (435,445) (392,445) (391,444) (390,444) (389,443) (388,443) (384,439) (384,438) (383,437) (383,436) (382,435) (382,392) (383,391) (383,390) (384,389) (384,388) (388,384) (389,384) (390,383) (391,383) (392,382) > 
GermanStartLeft  <  (419,496) (434,496) (435,497) (436,497) (437,498) (438,498) (442,502) (442,503) (443,504) (443,505) (444,506) (444,549) (443,550) (443,551) (442,552) (442,553) (438,557) (437,557) (436,558) (435,558) (434,559) (391,559) (390,558) (389,558) (388,557) (387,557) (383,553) (383,552) (382,551) (382,550) (381,549) (381,506) (382,505) (382,504) (383,503) (383,502) (387,498) (388,498) (389,497) (390,497) (391,496) > 