$ANSIBLE_VAULT;1.1;AES256
39386638386562323363646132363366373235306637343464343633666430653730303362646334
3432346534333736633963386366353038633662386231660a656132343838643030353538326165
30336139656461653964346237316332343365626164366633366436366438613231323763373332
3966643939356634660a346365666363356136626162306639643462323835333531356462633532
31643233623262663762643539636333636335396438353565373830373864326334333762336536
62653238636534646535353035323064356533626163323537663338386466613537623665343136
62633937633639323362356465653161646261326335633030666336636462303432313439346439
37626238313631336637663035393763663235303137353538633436636362366364303065313336
63326133386235343366373261323337633261323531646533393235653231646134633332663430
36666634333064383261313836343037626133313266306239616664643935646162393638613164
34356665623331373939663830623136346338363463396131356238356232323866393330613631
66613961616436376239396434326335633631396530383234616234353563326539393339306164
31336464323661653663316265373430626262653161373762623034633137346432343136313163
66343138326561623862623232343737646162333134353964363564663966646466656239383761
35373037656261306339343531663163373464613264626533633763386362666431663637633139
34616531626130366261376634366538363938666630616331613339326266373239653931323133
63633039336332646538653831373466613533303330306333303739353837316633333962363566
31653966616661613531626136306135373934356638326562396130363738613730643533636337
66343935393235356335393564396430613331656361303032353137373863346365383864373263
31366535303332393833653638393762663361623037666636346339366433633462303339633837
61313138613137613939353864356561376139646664376435333866373332373134636565323463
34333538333238343037646137383832653839633531303363306632623864663336633664356135
61396137383563636465623135663532363263633632363763666531613163346537326530663865
39343665383838356230
